acc	-0.03	-0.02	-0.97	0.97	mag	33.25	169.18	43.64	11.12	time	2
acc	-0.04	-0.01	-0.97	0.97	mag	33.25	169.18	43.64	11.12	time	2
acc	-0.04	-0.02	-0.97	0.97	mag	33.25	169.18	43.64	11.12	time	2
acc	-0.04	-0.02	-0.97	0.98	mag	33.25	169.18	43.64	11.12	time	4
acc	-0.04	-0.02	-0.97	0.97	mag	33.25	169.18	43.64	11.12	time	5
acc	-0.04	-0.02	-0.97	0.97	mag	33.25	169.18	43.64	11.12	time	5
acc	-0.04	-0.02	-0.97	0.97	mag	33.25	169.18	43.64	11.12	time	5
acc	-0.04	-0.02	-0.96	0.96	mag	33.25	169.18	43.64	11.12	time	4
acc	-0.04	-0.02	-0.97	0.97	mag	33.25	169.18	43.64	11.12	time	5
acc	-0.04	-0.02	-0.96	0.97	mag	33.25	169.18	43.64	11.12	time	4
acc	-0.04	-0.02	-0.97	0.98	mag	33.25	169.18	43.64	11.12	time	5
acc	-0.03	-0.02	-0.97	0.97	mag	33.25	169.18	43.64	11.12	time	5
acc	-0.04	-0.02	-0.97	0.97	mag	33.25	169.18	43.64	11.12	time	5
acc	-0.04	-0.02	-0.97	0.97	mag	33.25	169.18	43.64	11.12	time	5
acc	-0.04	-0.02	-0.98	0.98	mag	33.25	169.18	43.64	11.12	time	5
acc	-0.04	-0.02	-0.98	0.98	mag	33.25	169.18	43.64	11.12	time	5
acc	-0.04	-0.02	-0.97	0.97	mag	33.25	169.18	43.64	11.12	time	4
acc	-0.04	-0.01	-0.97	0.97	mag	33.25	169.18	43.64	11.12	time	5
acc	-0.04	-0.02	-0.97	0.97	mag	33.25	169.18	43.64	11.12	time	4
acc	-0.04	-0.02	-0.97	0.97	mag	33.25	169.18	43.64	11.12	time	5
acc	-0.03	-0.02	-0.97	0.97	mag	33.25	169.18	43.64	11.12	time	5
acc	-0.04	-0.02	-0.98	0.98	mag	33.25	169.18	43.64	11.12	time	5
acc	-0.04	-0.01	-0.98	0.98	mag	35.63	167.99	42.49	11.97	time	5
acc	-0.04	-0.02	-0.97	0.97	mag	35.63	167.99	42.49	11.97	time	5
acc	-0.04	-0.02	-0.97	0.97	mag	35.63	167.99	42.49	11.97	time	5
acc	-0.04	-0.02	-0.97	0.97	mag	35.63	167.99	42.49	11.97	time	4
acc	-0.04	-0.02	-0.97	0.97	mag	35.63	167.99	42.49	11.97	time	5
acc	-0.04	-0.02	-0.97	0.97	mag	35.63	167.99	42.49	11.97	time	4
acc	-0.04	-0.01	-0.96	0.96	mag	35.63	167.99	42.49	11.97	time	5
acc	-0.04	-0.01	-0.97	0.97	mag	35.63	167.99	42.49	11.97	time	5
acc	-0.04	-0.02	-0.97	0.97	mag	35.63	167.99	42.49	11.97	time	5
acc	-0.04	-0.01	-0.97	0.97	mag	35.63	167.99	42.49	11.97	time	5
acc	-0.03	-0.02	-0.96	0.96	mag	35.63	167.99	42.49	11.97	time	5
acc	-0.04	-0.02	-0.95	0.96	mag	35.63	167.99	42.49	11.97	time	5
acc	-0.03	-0.02	-0.99	0.99	mag	35.63	167.99	42.49	11.97	time	4
acc	-0.04	-0.01	-0.96	0.96	mag	35.63	167.99	42.49	11.97	time	5
acc	-0.04	-0.02	-0.96	0.96	mag	35.63	167.99	42.49	11.97	time	4
acc	-0.04	-0.01	-0.98	0.98	mag	35.63	167.99	42.49	11.97	time	5
acc	-0.04	-0.02	-0.97	0.97	mag	35.63	167.99	42.49	11.97	time	5
acc	-0.04	-0.01	-0.96	0.96	mag	35.63	167.99	42.49	11.97	time	5
acc	-0.03	-0.02	-0.98	0.98	mag	35.63	167.99	42.49	11.97	time	5
acc	-0.04	-0.02	-0.97	0.97	mag	35.63	167.99	42.49	11.97	time	5
acc	-0.04	-0.02	-0.96	0.96	mag	35.63	167.99	42.49	11.97	time	5
acc	-0.04	-0.02	-0.97	0.98	mag	35.63	167.99	42.49	11.97	time	4
acc	-0.04	-0.02	-0.96	0.97	mag	33.25	170.37	41.34	11.04	time	5
acc	-0.04	-0.02	-0.98	0.98	mag	33.25	170.37	41.34	11.04	time	4
acc	-0.03	-0.02	-0.98	0.98	mag	33.25	170.37	41.34	11.04	time	5
acc	-0.04	-0.02	-0.96	0.96	mag	33.25	170.37	41.34	11.04	time	5
acc	-0.03	-0.02	-0.97	0.97	mag	33.25	170.37	41.34	11.04	time	5
acc	-0.03	-0.02	-0.99	0.99	mag	33.25	170.37	41.34	11.04	time	5
acc	-0.04	-0.01	-0.96	0.96	mag	33.25	170.37	41.34	11.04	time	5
acc	-0.04	-0.01	-0.97	0.97	mag	33.25	170.37	41.34	11.04	time	5
acc	-0.04	-0.02	-0.98	0.98	mag	33.25	170.37	41.34	11.04	time	4
acc	-0.04	-0.02	-0.97	0.97	mag	33.25	170.37	41.34	11.04	time	5
acc	-0.04	-0.02	-0.97	0.97	mag	33.25	170.37	41.34	11.04	time	4
acc	-0.04	-0.02	-0.96	0.96	mag	33.25	170.37	41.34	11.04	time	5
acc	-0.04	-0.02	-0.96	0.96	mag	33.25	170.37	41.34	11.04	time	5
acc	-0.04	-0.02	-0.97	0.97	mag	33.25	170.37	41.34	11.04	time	5
acc	-0.04	-0.02	-0.97	0.97	mag	33.25	170.37	41.34	11.04	time	5
acc	-0.04	-0.02	-0.98	0.98	mag	33.25	170.37	41.34	11.04	time	5
acc	-0.04	-0.01	-0.94	0.95	mag	33.25	170.37	41.34	11.04	time	5
acc	-0.03	-0.02	-0.99	0.99	mag	33.25	170.37	41.34	11.04	time	4
acc	-0.05	-0.02	-0.96	0.96	mag	33.25	170.37	41.34	11.04	time	5
acc	-0.04	-0.02	-0.97	0.97	mag	33.25	170.37	41.34	11.04	time	4
acc	-0.04	-0.02	-0.98	0.98	mag	33.25	170.37	41.34	11.04	time	5
acc	-0.04	-0.01	-0.96	0.96	mag	33.25	170.37	41.34	11.04	time	5
acc	-0.04	-0.02	-0.98	0.98	mag	34.44	167.99	40.20	11.59	time	5
acc	-0.04	-0.02	-0.98	0.98	mag	34.44	167.99	40.20	11.59	time	5
acc	-0.03	-0.01	-0.99	0.99	mag	34.44	167.99	40.20	11.59	time	5
acc	-0.05	-0.01	-0.95	0.96	mag	34.44	167.99	40.20	11.59	time	5
acc	-0.07	0.01	-0.99	0.99	mag	34.44	167.99	40.20	11.59	time	4
acc	-0.09	0.02	-1.02	1.02	mag	34.44	167.99	40.20	11.59	time	5
acc	-0.06	0.03	-0.94	0.94	mag	34.44	167.99	40.20	11.59	time	5
acc	-0.04	0.01	-0.91	0.92	mag	34.44	167.99	40.20	11.59	time	5
acc	-0.02	-0.02	-1.01	1.01	mag	34.44	167.99	40.20	11.59	time	5
acc	-0.01	-0.03	-1.01	1.01	mag	34.44	167.99	40.20	11.59	time	5
acc	-0.04	-0.05	-0.93	0.93	mag	34.44	167.99	40.20	11.59	time	4
acc	-0.03	-0.03	-0.95	0.95	mag	34.44	167.99	40.20	11.59	time	5
acc	-0.04	-0.02	-1.00	1.00	mag	34.44	167.99	40.20	11.59	time	4
acc	-0.06	-0.01	-0.99	0.99	mag	34.44	167.99	40.20	11.59	time	5
acc	-0.07	-0.00	-0.95	0.95	mag	34.44	167.99	40.20	11.59	time	5
acc	-0.05	0.00	-0.99	1.00	mag	34.44	167.99	40.20	11.59	time	5
acc	-0.04	0.04	-0.85	0.86	mag	34.44	167.99	40.20	11.59	time	4
acc	0.13	0.05	-0.85	0.86	mag	34.44	167.99	40.20	11.59	time	5
acc	0.13	0.00	-1.25	1.26	mag	34.44	167.99	40.20	11.59	time	4
acc	0.08	0.07	-0.98	0.99	mag	34.44	167.99	40.20	11.59	time	5
acc	0.08	0.07	-0.72	0.72	mag	34.44	167.99	40.20	11.59	time	5
acc	0.12	0.01	-0.95	0.96	mag	34.44	167.99	40.20	11.59	time	4
acc	0.09	0.02	-1.10	1.11	mag	34.44	167.99	40.20	11.59	time	5
acc	0.06	0.03	-1.00	1.00	mag	34.44	167.99	41.34	11.59	time	4
acc	0.05	0.06	-0.98	0.98	mag	34.44	167.99	41.34	11.59	time	5
acc	-0.06	0.01	-1.13	1.13	mag	34.44	167.99	41.34	11.59	time	5
acc	-0.16	0.02	-0.92	0.94	mag	34.44	167.99	41.34	11.59	time	4
acc	-0.70	-0.37	-0.92	1.21	mag	34.44	167.99	41.34	11.59	time	5
acc	-0.42	-0.35	-0.94	1.09	mag	34.44	167.99	41.34	11.59	time	5
acc	-0.18	-0.17	-0.96	0.99	mag	34.44	167.99	41.34	11.59	time	5
acc	0.03	-0.01	-0.86	0.86	mag	34.44	167.99	41.34	11.59	time	5
acc	0.14	0.02	-0.97	0.98	mag	34.44	167.99	41.34	11.59	time	5
acc	0.04	0.01	-0.97	0.97	mag	34.44	167.99	41.34	11.59	time	4
acc	-0.04	-0.01	-0.98	0.98	mag	34.44	167.99	41.34	11.59	time	5
acc	0.05	0.06	-1.00	1.00	mag	34.44	167.99	41.34	11.59	time	4
acc	0.01	0.00	-0.91	0.91	mag	34.44	167.99	41.34	11.59	time	5
acc	-0.04	-0.03	-0.98	0.98	mag	34.44	167.99	41.34	11.59	time	5
acc	-0.01	0.02	-1.00	1.00	mag	34.44	167.99	41.34	11.59	time	5
acc	0.02	0.03	-1.01	1.01	mag	34.44	167.99	41.34	11.59	time	5
acc	-0.00	-0.00	-0.98	0.98	mag	34.44	167.99	41.34	11.59	time	5
acc	-0.06	-0.01	-0.97	0.98	mag	34.44	167.99	41.34	11.59	time	5
acc	-0.06	0.00	-0.98	0.98	mag	34.44	167.99	41.34	11.59	time	5
acc	-0.05	0.02	-0.95	0.96	mag	34.44	167.99	41.34	11.59	time	5
acc	-0.06	0.04	-0.98	0.98	mag	34.44	167.99	41.34	11.59	time	5
acc	-0.06	0.02	-0.93	0.93	mag	34.44	167.99	41.34	11.59	time	5
acc	-0.03	-0.04	-1.00	1.01	mag	34.44	167.99	41.34	11.59	time	5
acc	-0.01	-0.03	-1.04	1.04	mag	36.81	167.99	41.34	12.36	time	5
acc	-0.01	-0.01	-1.04	1.04	mag	36.81	167.99	41.34	12.36	time	5
acc	-0.01	-0.02	-1.01	1.01	mag	36.81	167.99	41.34	12.36	time	4
acc	-0.03	-0.06	-0.99	0.99	mag	36.81	167.99	41.34	12.36	time	5
acc	-0.04	-0.02	-0.95	0.95	mag	36.81	167.99	41.34	12.36	time	4
acc	-0.09	-0.01	-0.96	0.97	mag	36.81	167.99	41.34	12.36	time	5
acc	-0.04	-0.07	-1.12	1.12	mag	36.81	167.99	41.34	12.36	time	5
acc	-0.07	-0.08	-1.12	1.13	mag	36.81	167.99	41.34	12.36	time	5
acc	-0.10	-0.07	-1.15	1.16	mag	36.81	167.99	41.34	12.36	time	5
acc	-0.13	-0.08	-1.06	1.07	mag	36.81	167.99	41.34	12.36	time	5
acc	-0.15	-0.06	-1.04	1.06	mag	36.81	167.99	41.34	12.36	time	5
acc	-0.12	-0.06	-1.06	1.07	mag	36.81	167.99	41.34	12.36	time	4
acc	-0.13	-0.04	-1.09	1.10	mag	36.81	167.99	41.34	12.36	time	5
acc	-0.13	-0.06	-1.11	1.12	mag	36.81	167.99	41.34	12.36	time	4
acc	-0.11	-0.06	-1.17	1.18	mag	36.81	167.99	41.34	12.36	time	5
acc	-0.11	-0.03	-1.21	1.22	mag	36.81	167.99	41.34	12.36	time	5
acc	-0.10	-0.06	-1.23	1.24	mag	36.81	167.99	41.34	12.36	time	5
acc	-0.10	-0.05	-1.22	1.22	mag	36.81	167.99	41.34	12.36	time	5
acc	-0.11	-0.01	-1.22	1.22	mag	36.81	167.99	41.34	12.36	time	5
acc	-0.11	0.02	-1.23	1.24	mag	36.81	167.99	41.34	12.36	time	5
acc	-0.08	0.03	-1.24	1.24	mag	36.81	167.99	41.34	12.36	time	5
acc	-0.06	0.04	-1.26	1.26	mag	36.81	167.99	41.34	12.36	time	5
acc	-0.04	0.04	-1.27	1.27	mag	40.38	169.18	40.20	13.42	time	5
acc	-0.02	0.04	-1.31	1.31	mag	40.38	169.18	40.20	13.42	time	5
acc	-0.04	0.05	-1.24	1.25	mag	40.38	169.18	40.20	13.42	time	5
acc	-0.02	0.08	-1.22	1.22	mag	40.38	169.18	40.20	13.42	time	4
acc	0.02	0.10	-1.21	1.21	mag	40.38	169.18	40.20	13.42	time	5
acc	0.07	0.08	-1.23	1.23	mag	40.38	169.18	40.20	13.42	time	4
acc	0.06	0.04	-1.22	1.22	mag	40.38	169.18	40.20	13.42	time	5
acc	0.04	0.02	-1.18	1.18	mag	40.38	169.18	40.20	13.42	time	5
acc	0.01	-0.03	-1.22	1.22	mag	40.38	169.18	40.20	13.42	time	4
acc	-0.03	-0.03	-1.24	1.24	mag	40.38	169.18	40.20	13.42	time	5
acc	-0.08	0.00	-1.16	1.16	mag	40.38	169.18	40.20	13.42	time	4
acc	-0.14	0.01	-1.14	1.15	mag	40.38	169.18	40.20	13.42	time	5
acc	-0.15	0.01	-1.15	1.16	mag	40.38	169.18	40.20	13.42	time	4
acc	-0.08	0.05	-1.16	1.17	mag	40.38	169.18	40.20	13.42	time	5
acc	-0.02	0.05	-1.17	1.17	mag	40.38	169.18	40.20	13.42	time	4
acc	0.04	0.01	-1.19	1.19	mag	40.38	169.18	40.20	13.42	time	5
acc	0.04	-0.00	-1.16	1.16	mag	40.38	169.18	40.20	13.42	time	4
acc	-0.00	-0.02	-1.12	1.12	mag	40.38	169.18	40.20	13.42	time	5
acc	-0.01	-0.02	-1.12	1.12	mag	40.38	169.18	40.20	13.42	time	4
acc	-0.10	-0.03	-0.97	0.97	mag	40.38	169.18	40.20	13.42	time	5
acc	-0.10	-0.04	-1.00	1.00	mag	40.38	169.18	40.20	13.42	time	4
acc	-0.03	-0.00	-1.05	1.05	mag	40.38	169.18	40.20	13.42	time	5
acc	0.00	-0.01	-1.07	1.07	mag	40.38	169.18	40.20	13.42	time	4
acc	0.04	-0.01	-1.14	1.14	mag	53.44	178.71	33.30	16.65	time	5
acc	0.07	0.01	-1.23	1.23	mag	53.44	178.71	33.30	16.65	time	4
acc	0.08	0.09	-1.29	1.30	mag	53.44	178.71	33.30	16.65	time	5
acc	-0.01	0.20	-1.21	1.23	mag	53.44	178.71	33.30	16.65	time	5
acc	0.12	0.09	-1.23	1.24	mag	53.44	178.71	33.30	16.65	time	5
acc	0.10	0.10	-1.18	1.19	mag	53.44	178.71	33.30	16.65	time	5
acc	0.00	0.21	-1.10	1.12	mag	53.44	178.71	33.30	16.65	time	4
acc	0.18	0.27	-1.17	1.21	mag	53.44	178.71	33.30	16.65	time	5
acc	0.04	0.37	-1.20	1.26	mag	53.44	178.71	33.30	16.65	time	5
acc	0.18	0.24	-1.16	1.20	mag	53.44	178.71	33.30	16.65	time	4
acc	0.13	0.19	-1.10	1.13	mag	53.44	178.71	33.30	16.65	time	5
acc	0.06	0.21	-1.02	1.05	mag	53.44	178.71	33.30	16.65	time	4
acc	0.08	0.22	-0.98	1.01	mag	53.44	178.71	33.30	16.65	time	5
acc	0.12	0.22	-0.95	0.98	mag	53.44	178.71	33.30	16.65	time	5
acc	0.14	0.26	-0.94	0.98	mag	53.44	178.71	33.30	16.65	time	4
acc	0.14	0.29	-0.91	0.97	mag	53.44	178.71	33.30	16.65	time	5
acc	0.15	0.32	-0.92	0.98	mag	53.44	178.71	33.30	16.65	time	4
acc	0.14	0.32	-0.94	1.00	mag	53.44	178.71	33.30	16.65	time	4
acc	0.14	0.36	-0.93	1.00	mag	53.44	178.71	33.30	16.65	time	5
acc	0.18	0.40	-0.92	1.02	mag	53.44	178.71	33.30	16.65	time	4
acc	0.18	0.43	-0.87	0.98	mag	53.44	178.71	33.30	16.65	time	5
acc	0.18	0.50	-0.73	0.90	mag	53.44	178.71	33.30	16.65	time	5
acc	0.15	0.53	-0.65	0.85	mag	53.44	178.71	33.30	16.65	time	4
acc	0.16	0.53	-0.62	0.83	mag	64.12	177.52	13.78	19.86	time	5
acc	0.19	0.51	-0.62	0.83	mag	64.12	177.52	13.78	19.86	time	4
acc	0.15	0.46	-0.66	0.82	mag	64.12	177.52	13.78	19.86	time	5
acc	0.11	0.43	-0.70	0.83	mag	64.12	177.52	13.78	19.86	time	5
acc	0.09	0.42	-0.71	0.83	mag	64.12	177.52	13.78	19.86	time	4
acc	0.09	0.42	-0.72	0.84	mag	64.12	177.52	13.78	19.86	time	5
acc	0.03	0.42	-0.71	0.82	mag	64.12	177.52	13.78	19.86	time	5
acc	0.09	0.44	-0.72	0.85	mag	64.12	177.52	13.78	19.86	time	4
acc	0.03	0.44	-0.75	0.87	mag	64.12	177.52	13.78	19.86	time	5
acc	0.00	0.46	-0.65	0.80	mag	64.12	177.52	13.78	19.86	time	4
acc	0.06	0.48	-0.66	0.82	mag	64.12	177.52	13.78	19.86	time	5
acc	0.03	0.52	-0.60	0.80	mag	64.12	177.52	13.78	19.86	time	5
acc	-0.04	0.58	-0.44	0.73	mag	64.12	177.52	13.78	19.86	time	4
acc	-0.02	0.59	-0.39	0.70	mag	64.12	177.52	13.78	19.86	time	5
acc	-0.00	0.50	-0.57	0.76	mag	64.12	177.52	13.78	19.86	time	4
acc	-0.02	0.49	-0.62	0.80	mag	64.12	177.52	13.78	19.86	time	5
acc	0.02	0.49	-0.65	0.82	mag	64.12	177.52	13.78	19.86	time	4
acc	0.00	0.50	-0.60	0.78	mag	64.12	177.52	13.78	19.86	time	5
acc	-0.05	0.50	-0.53	0.73	mag	64.12	177.52	13.78	19.86	time	5
acc	-0.03	0.53	-0.52	0.74	mag	64.12	177.52	13.78	19.86	time	5
acc	-0.04	0.55	-0.53	0.76	mag	64.12	177.52	13.78	19.86	time	5
acc	-0.02	0.53	-0.50	0.73	mag	64.12	177.52	13.78	19.86	time	5
acc	0.06	0.50	-0.43	0.66	mag	64.12	177.52	13.78	19.86	time	5
acc	0.12	0.48	-0.47	0.68	mag	64.12	177.52	13.78	19.86	time	4
acc	-0.00	0.46	-0.21	0.51	mag	64.12	177.52	13.78	19.86	time	5
acc	0.02	0.46	-0.17	0.49	mag	64.12	177.52	13.78	19.86	time	4
acc	-0.02	0.46	-0.11	0.47	mag	64.12	177.52	13.78	19.86	time	5
acc	0.01	0.45	-0.13	0.47	mag	64.12	177.52	13.78	19.86	time	5
acc	0.05	0.46	-0.17	0.49	mag	64.12	177.52	13.78	19.86	time	4
acc	0.00	0.48	-0.15	0.50	mag	64.12	177.52	13.78	19.86	time	5
acc	0.01	0.53	-0.17	0.55	mag	64.12	177.52	13.78	19.86	time	4
acc	0.08	0.60	-0.22	0.64	mag	64.12	177.52	13.78	19.86	time	4
acc	0.07	0.64	-0.22	0.68	mag	64.12	177.52	13.78	19.86	time	5
acc	-0.01	0.65	-0.17	0.67	mag	64.12	177.52	13.78	19.86	time	4
acc	-0.01	0.66	-0.17	0.69	mag	64.12	177.52	13.78	19.86	time	5
acc	0.01	0.69	-0.16	0.71	mag	64.12	177.52	13.78	19.86	time	4
acc	-0.00	0.72	-0.13	0.73	mag	64.12	177.52	13.78	19.86	time	5
acc	0.02	0.73	-0.07	0.74	mag	64.12	177.52	13.78	19.86	time	5
acc	0.00	0.75	-0.06	0.75	mag	64.12	177.52	13.78	19.86	time	4
acc	0.02	0.77	-0.02	0.78	mag	64.12	177.52	13.78	19.86	time	5
acc	0.03	0.80	0.01	0.80	mag	64.12	177.52	13.78	19.86	time	4
acc	0.03	0.81	0.02	0.81	mag	64.12	177.52	13.78	19.86	time	4
acc	0.02	0.81	0.04	0.81	mag	64.12	177.52	13.78	19.86	time	5
acc	0.04	0.82	0.08	0.83	mag	64.12	177.52	13.78	19.86	time	5
acc	0.02	0.81	0.07	0.81	mag	64.12	177.52	13.78	19.86	time	4
acc	0.08	0.78	0.06	0.79	mag	64.12	177.52	13.78	19.86	time	5
acc	0.06	0.75	0.09	0.76	mag	64.12	177.52	13.78	19.86	time	5
acc	0.05	0.74	0.10	0.75	mag	64.12	177.52	13.78	19.86	time	4
acc	0.06	0.71	0.06	0.72	mag	64.12	177.52	13.78	19.86	time	4
acc	0.04	0.72	0.16	0.74	mag	64.12	177.52	13.78	19.86	time	5
acc	0.02	0.71	0.17	0.73	mag	64.12	177.52	13.78	19.86	time	4
acc	-0.02	0.72	0.18	0.74	mag	64.12	177.52	13.78	19.86	time	4
acc	-0.04	0.71	0.18	0.73	mag	64.12	177.52	13.78	19.86	time	5
acc	-0.07	0.70	0.20	0.73	mag	64.12	177.52	13.78	19.86	time	4
acc	-0.08	0.70	0.21	0.73	mag	64.12	177.52	13.78	19.86	time	5
acc	-0.09	0.71	0.24	0.76	mag	64.12	177.52	13.78	19.86	time	5
acc	-0.05	0.73	0.18	0.75	mag	64.12	177.52	13.78	19.86	time	4
acc	-0.06	0.77	0.21	0.80	mag	64.12	177.52	13.78	19.86	time	5
acc	-0.08	0.78	0.26	0.82	mag	64.12	177.52	13.78	19.86	time	4
acc	-0.07	0.82	0.30	0.87	mag	64.12	177.52	13.78	19.86	time	4
acc	-0.09	0.86	0.34	0.93	mag	64.12	177.52	13.78	19.86	time	5
acc	-0.09	0.89	0.38	0.97	mag	64.12	177.52	13.78	19.86	time	4
acc	-0.10	0.91	0.40	1.00	mag	64.12	177.52	13.78	19.86	time	5
acc	-0.13	0.88	0.45	1.00	mag	64.12	177.52	13.78	19.86	time	5
acc	-0.14	0.85	0.45	0.97	mag	64.12	177.52	13.78	19.86	time	4
acc	-0.11	0.84	0.41	0.94	mag	64.12	177.52	13.78	19.86	time	5
acc	-0.07	0.83	0.41	0.92	mag	64.12	177.52	13.78	19.86	time	4
acc	-0.03	0.81	0.43	0.92	mag	64.12	177.52	13.78	19.86	time	5
acc	-0.01	0.78	0.44	0.90	mag	64.12	177.52	13.78	19.86	time	5
acc	-0.01	0.76	0.45	0.88	mag	64.12	177.52	-42.49	19.86	time	4
acc	-0.01	0.73	0.46	0.86	mag	64.12	177.52	-42.49	19.86	time	5
acc	-0.02	0.72	0.44	0.84	mag	64.12	177.52	-42.49	19.86	time	4
acc	-0.02	0.71	0.43	0.83	mag	64.12	177.52	-42.49	19.86	time	5
acc	-0.04	0.74	0.46	0.87	mag	64.12	177.52	-42.49	19.86	time	4
acc	-0.05	0.79	0.48	0.92	mag	64.12	177.52	-42.49	19.86	time	5
acc	-0.06	0.79	0.50	0.93	mag	64.12	177.52	-42.49	19.86	time	4
acc	-0.04	0.80	0.46	0.92	mag	64.12	177.52	-42.49	19.86	time	5
acc	-0.06	0.83	0.41	0.93	mag	64.12	177.52	-42.49	19.86	time	5
acc	-0.06	0.82	0.42	0.92	mag	64.12	177.52	-42.49	19.86	time	5
acc	-0.06	0.81	0.46	0.93	mag	64.12	177.52	-42.49	19.86	time	5
acc	-0.07	0.83	0.48	0.96	mag	64.12	177.52	-42.49	19.86	time	5
acc	-0.08	0.85	0.54	1.01	mag	64.12	177.52	-42.49	19.86	time	5
acc	-0.11	0.84	0.61	1.05	mag	64.12	177.52	-42.49	19.86	time	4
acc	-0.11	0.84	0.62	1.05	mag	64.12	177.52	-42.49	19.86	time	5
acc	-0.12	0.83	0.62	1.04	mag	64.12	177.52	-42.49	19.86	time	4
acc	-0.12	0.81	0.64	1.03	mag	64.12	177.52	-42.49	19.86	time	5
acc	-0.12	0.77	0.70	1.05	mag	64.12	177.52	-42.49	19.86	time	4
acc	-0.09	0.75	0.70	1.03	mag	64.12	177.52	-42.49	19.86	time	5
acc	-0.07	0.73	0.65	0.98	mag	64.12	177.52	-42.49	19.86	time	4
acc	0.00	0.73	0.48	0.88	mag	64.12	177.52	-42.49	19.86	time	5
acc	-0.10	0.77	0.66	1.02	mag	64.12	177.52	-42.49	19.86	time	5
acc	-0.11	0.79	0.67	1.04	mag	64.12	178.71	-41.34	19.74	time	5
acc	-0.16	0.84	0.73	1.12	mag	64.12	178.71	-41.34	19.74	time	5
acc	-0.18	0.87	0.79	1.19	mag	64.12	178.71	-41.34	19.74	time	5
acc	-0.47	0.98	1.46	1.82	mag	64.12	178.71	-41.34	19.74	time	5
acc	-0.27	0.92	0.88	1.30	mag	64.12	178.71	-41.34	19.74	time	4
acc	-0.29	0.96	0.96	1.39	mag	64.12	178.71	-41.34	19.74	time	5
acc	-0.33	0.97	1.07	1.48	mag	64.12	178.71	-41.34	19.74	time	4
acc	-0.34	0.97	1.09	1.50	mag	64.12	178.71	-41.34	19.74	time	5
acc	-0.38	0.98	1.14	1.55	mag	64.12	178.71	-41.34	19.74	time	4
acc	-0.41	0.97	1.18	1.58	mag	64.12	178.71	-41.34	19.74	time	5
acc	-0.42	0.96	1.14	1.55	mag	64.12	178.71	-41.34	19.74	time	4
acc	-0.44	0.95	1.11	1.53	mag	64.12	178.71	-41.34	19.74	time	5
acc	-0.49	0.94	1.11	1.54	mag	64.12	178.71	-41.34	19.74	time	4
acc	-0.51	0.94	1.13	1.55	mag	64.12	178.71	-41.34	19.74	time	5
acc	-0.52	0.95	1.17	1.60	mag	64.12	178.71	-41.34	19.74	time	5
acc	-0.51	0.95	1.19	1.61	mag	64.12	178.71	-41.34	19.74	time	5
acc	-0.50	0.94	1.26	1.65	mag	64.12	178.71	-41.34	19.74	time	5
acc	-0.51	0.93	1.30	1.68	mag	64.12	178.71	-41.34	19.74	time	5
acc	-0.49	0.92	1.29	1.66	mag	64.12	178.71	-41.34	19.74	time	5
acc	-0.48	0.90	1.28	1.63	mag	64.12	178.71	-41.34	19.74	time	5
acc	-0.53	0.90	1.23	1.62	mag	64.12	178.71	-41.34	19.74	time	5
acc	-0.54	0.93	1.15	1.57	mag	64.12	178.71	-41.34	19.74	time	4
acc	-0.52	0.97	1.09	1.55	mag	64.12	178.71	-41.34	19.74	time	5
acc	-0.52	1.00	1.03	1.52	mag	66.50	177.52	-37.90	20.54	time	4
acc	-0.50	1.02	0.97	1.50	mag	66.50	177.52	-37.90	20.54	time	5
acc	-0.46	1.05	0.89	1.45	mag	66.50	177.52	-37.90	20.54	time	4
acc	-0.44	1.07	0.87	1.45	mag	66.50	177.52	-37.90	20.54	time	5
acc	-0.40	1.09	0.82	1.42	mag	66.50	177.52	-37.90	20.54	time	4
acc	-0.38	1.10	0.82	1.42	mag	66.50	177.52	-37.90	20.54	time	5
acc	-0.36	1.09	0.78	1.39	mag	66.50	177.52	-37.90	20.54	time	4
acc	-0.37	1.09	0.73	1.36	mag	66.50	177.52	-37.90	20.54	time	5
acc	-0.39	1.07	0.71	1.34	mag	66.50	177.52	-37.90	20.54	time	5
acc	-0.39	1.04	0.68	1.31	mag	66.50	177.52	-37.90	20.54	time	5
acc	-0.38	1.04	0.69	1.30	mag	66.50	177.52	-37.90	20.54	time	5
acc	-0.39	1.00	0.69	1.27	mag	66.50	177.52	-37.90	20.54	time	5
acc	-0.38	0.97	0.67	1.24	mag	66.50	177.52	-37.90	20.54	time	5
acc	-0.37	0.97	0.67	1.23	mag	66.50	177.52	-37.90	20.54	time	4
acc	-0.36	0.96	0.66	1.22	mag	66.50	177.52	-37.90	20.54	time	5
acc	-0.35	0.97	0.65	1.21	mag	66.50	177.52	-37.90	20.54	time	4
acc	-0.32	0.96	0.62	1.19	mag	66.50	177.52	-37.90	20.54	time	5
acc	-0.28	0.95	0.58	1.15	mag	66.50	177.52	-37.90	20.54	time	4
acc	-0.24	0.95	0.52	1.11	mag	66.50	177.52	-37.90	20.54	time	5
acc	-0.22	0.93	0.46	1.07	mag	66.50	177.52	-37.90	20.54	time	4
acc	-0.20	0.94	0.40	1.04	mag	66.50	177.52	-37.90	20.54	time	5
acc	-0.19	0.93	0.32	1.00	mag	66.50	177.52	-37.90	20.54	time	4
acc	-0.21	0.96	0.26	1.01	mag	66.50	177.52	-37.90	20.54	time	5
acc	-0.23	0.98	0.23	1.03	mag	71.25	172.75	-28.71	22.41	time	5
acc	-0.22	1.02	0.23	1.07	mag	71.25	172.75	-28.71	22.41	time	5
acc	-0.21	1.06	0.26	1.11	mag	71.25	172.75	-28.71	22.41	time	5
acc	-0.22	1.09	0.29	1.15	mag	71.25	172.75	-28.71	22.41	time	5
acc	-0.23	1.12	0.31	1.18	mag	71.25	172.75	-28.71	22.41	time	5
acc	-0.23	1.10	0.31	1.16	mag	71.25	172.75	-28.71	22.41	time	5
acc	-0.20	1.04	0.25	1.09	mag	71.25	172.75	-28.71	22.41	time	5
acc	-0.19	0.99	0.21	1.03	mag	71.25	172.75	-28.71	22.41	time	4
acc	-0.19	0.97	0.19	1.01	mag	71.25	172.75	-28.71	22.41	time	5
acc	-0.20	0.96	0.17	0.99	mag	71.25	172.75	-28.71	22.41	time	4
acc	-0.22	0.94	0.12	0.97	mag	71.25	172.75	-28.71	22.41	time	5
acc	-0.23	0.93	0.07	0.96	mag	71.25	172.75	-28.71	22.41	time	4
acc	-0.22	0.91	0.04	0.94	mag	71.25	172.75	-28.71	22.41	time	5
acc	-0.20	0.91	0.03	0.93	mag	71.25	172.75	-28.71	22.41	time	4
acc	-0.19	0.90	-0.01	0.92	mag	71.25	172.75	-28.71	22.41	time	5
acc	-0.19	0.91	-0.02	0.93	mag	71.25	172.75	-28.71	22.41	time	4
acc	-0.19	0.92	-0.03	0.94	mag	71.25	172.75	-28.71	22.41	time	5
acc	-0.17	0.94	-0.05	0.96	mag	71.25	172.75	-28.71	22.41	time	5
acc	-0.12	0.95	-0.09	0.96	mag	71.25	172.75	-28.71	22.41	time	5
acc	-0.10	0.96	-0.12	0.97	mag	71.25	172.75	-28.71	22.41	time	5
acc	-0.08	0.98	-0.12	0.98	mag	71.25	172.75	-28.71	22.41	time	5
acc	-0.05	0.97	-0.15	0.98	mag	71.25	172.75	-28.71	22.41	time	5
acc	-0.02	0.96	-0.20	0.98	mag	72.44	172.75	-19.52	22.75	time	4
acc	0.02	0.94	-0.26	0.98	mag	72.44	172.75	-19.52	22.75	time	5
acc	0.03	0.93	-0.28	0.97	mag	72.44	172.75	-19.52	22.75	time	4
acc	0.04	0.92	-0.31	0.97	mag	72.44	172.75	-19.52	22.75	time	5
acc	0.03	0.90	-0.32	0.96	mag	72.44	172.75	-19.52	22.75	time	5
acc	0.02	0.90	-0.30	0.94	mag	72.44	172.75	-19.52	22.75	time	5
acc	-0.01	0.90	-0.31	0.95	mag	72.44	172.75	-19.52	22.75	time	5
acc	-0.04	0.91	-0.31	0.96	mag	72.44	172.75	-19.52	22.75	time	5
acc	-0.04	0.91	-0.34	0.97	mag	72.44	172.75	-19.52	22.75	time	4
acc	-0.02	0.92	-0.34	0.98	mag	72.44	172.75	-19.52	22.75	time	5
acc	0.00	0.91	-0.31	0.97	mag	72.44	172.75	-19.52	22.75	time	4
acc	0.04	0.90	-0.29	0.95	mag	72.44	172.75	-19.52	22.75	time	5
acc	0.08	0.88	-0.31	0.93	mag	72.44	172.75	-19.52	22.75	time	4
acc	0.12	0.84	-0.32	0.91	mag	72.44	172.75	-19.52	22.75	time	5
acc	0.13	0.82	-0.33	0.89	mag	72.44	172.75	-19.52	22.75	time	5
acc	0.14	0.79	-0.36	0.88	mag	72.44	172.75	-19.52	22.75	time	5
acc	0.13	0.76	-0.35	0.85	mag	72.44	172.75	-19.52	22.75	time	5
acc	0.13	0.74	-0.35	0.83	mag	72.44	172.75	-19.52	22.75	time	5
acc	0.11	0.71	-0.37	0.81	mag	72.44	172.75	-19.52	22.75	time	5
acc	0.11	0.68	-0.43	0.81	mag	72.44	172.75	-19.52	22.75	time	5
acc	0.11	0.66	-0.45	0.81	mag	72.44	172.75	-19.52	22.75	time	5
acc	0.15	0.64	-0.46	0.80	mag	72.44	172.75	-19.52	22.75	time	4
acc	0.18	0.63	-0.46	0.80	mag	72.44	172.75	-19.52	22.75	time	5
acc	0.20	0.64	-0.47	0.82	mag	72.44	173.95	-1.15	22.61	time	4
acc	0.22	0.63	-0.50	0.83	mag	72.44	173.95	-1.15	22.61	time	5
acc	0.20	0.61	-0.52	0.83	mag	72.44	173.95	-1.15	22.61	time	5
acc	0.19	0.59	-0.52	0.81	mag	72.44	173.95	-1.15	22.61	time	4
acc	0.21	0.58	-0.54	0.82	mag	72.44	173.95	-1.15	22.61	time	5
acc	0.22	0.56	-0.56	0.82	mag	72.44	173.95	-1.15	22.61	time	4
acc	0.23	0.53	-0.55	0.79	mag	72.44	173.95	-1.15	22.61	time	5
acc	0.24	0.50	-0.54	0.77	mag	72.44	173.95	-1.15	22.61	time	5
acc	0.27	0.47	-0.53	0.75	mag	72.44	173.95	-1.15	22.61	time	4
acc	0.29	0.44	-0.52	0.74	mag	72.44	173.95	-1.15	22.61	time	5
acc	0.32	0.43	-0.52	0.75	mag	72.44	173.95	-1.15	22.61	time	4
acc	0.34	0.40	-0.55	0.76	mag	72.44	173.95	-1.15	22.61	time	5
acc	0.38	0.40	-0.56	0.78	mag	72.44	173.95	-1.15	22.61	time	5
acc	0.42	0.40	-0.56	0.81	mag	72.44	173.95	-1.15	22.61	time	4
acc	0.43	0.42	-0.52	0.79	mag	72.44	173.95	-1.15	22.61	time	5
acc	0.43	0.41	-0.49	0.77	mag	72.44	173.95	-1.15	22.61	time	5
acc	0.39	0.40	-0.45	0.72	mag	72.44	173.95	-1.15	22.61	time	4
acc	0.41	0.42	-0.48	0.76	mag	72.44	173.95	-1.15	22.61	time	5
acc	0.43	0.41	-0.52	0.79	mag	72.44	173.95	-1.15	22.61	time	4
acc	0.43	0.40	-0.53	0.80	mag	72.44	173.95	-1.15	22.61	time	5
acc	0.42	0.38	-0.53	0.77	mag	72.44	173.95	-1.15	22.61	time	5
acc	0.43	0.36	-0.55	0.78	mag	72.44	173.95	-1.15	22.61	time	4
acc	0.39	0.32	-0.54	0.74	mag	72.44	173.95	-1.15	22.61	time	5
acc	0.38	0.27	-0.51	0.69	mag	54.63	185.86	6.89	16.38	time	5
acc	0.39	0.25	-0.48	0.67	mag	54.63	185.86	6.89	16.38	time	4
acc	0.41	0.23	-0.47	0.66	mag	54.63	185.86	6.89	16.38	time	5
acc	0.42	0.22	-0.48	0.68	mag	54.63	185.86	6.89	16.38	time	5
acc	0.45	0.21	-0.53	0.73	mag	54.63	185.86	6.89	16.38	time	4
acc	0.48	0.20	-0.57	0.77	mag	54.63	185.86	6.89	16.38	time	4
acc	0.52	0.21	-0.62	0.83	mag	54.63	185.86	6.89	16.38	time	5
acc	0.56	0.20	-0.67	0.90	mag	54.63	185.86	6.89	16.38	time	4
acc	0.59	0.20	-0.67	0.92	mag	54.63	185.86	6.89	16.38	time	4
acc	0.61	0.19	-0.66	0.92	mag	54.63	185.86	6.89	16.38	time	5
acc	0.63	0.17	-0.68	0.94	mag	54.63	185.86	6.89	16.38	time	5
acc	0.62	0.17	-0.71	0.96	mag	54.63	185.86	6.89	16.38	time	4
acc	0.63	0.17	-0.74	0.98	mag	54.63	185.86	6.89	16.38	time	5
acc	0.63	0.16	-0.76	1.00	mag	54.63	185.86	6.89	16.38	time	5
acc	0.63	0.16	-0.76	1.00	mag	54.63	185.86	6.89	16.38	time	4
acc	0.63	0.15	-0.75	0.99	mag	54.63	185.86	6.89	16.38	time	4
acc	0.62	0.12	-0.72	0.96	mag	54.63	185.86	6.89	16.38	time	5
acc	0.63	0.11	-0.68	0.94	mag	54.63	185.86	6.89	16.38	time	4
acc	0.62	0.10	-0.66	0.91	mag	54.63	185.86	6.89	16.38	time	4
acc	0.62	0.10	-0.67	0.92	mag	54.63	185.86	6.89	16.38	time	5
acc	0.63	0.11	-0.64	0.90	mag	54.63	185.86	6.89	16.38	time	5
acc	0.65	0.12	-0.63	0.91	mag	54.63	185.86	6.89	16.38	time	4
acc	0.68	0.12	-0.62	0.93	mag	54.63	185.86	6.89	16.38	time	5
acc	0.70	0.12	-0.63	0.95	mag	41.56	197.77	5.74	11.87	time	5
acc	0.73	0.14	-0.62	0.97	mag	41.56	197.77	5.74	11.87	time	4
acc	0.76	0.16	-0.64	1.01	mag	41.56	197.77	5.74	11.87	time	4
acc	0.76	0.14	-0.68	1.03	mag	41.56	197.77	5.74	11.87	time	5
acc	0.78	0.11	-0.67	1.04	mag	41.56	197.77	5.74	11.87	time	5
acc	0.81	0.10	-0.73	1.10	mag	41.56	197.77	5.74	11.87	time	4
acc	0.83	0.08	-0.79	1.15	mag	41.56	197.77	5.74	11.87	time	5
acc	0.86	0.04	-0.84	1.20	mag	41.56	197.77	5.74	11.87	time	5
acc	0.87	0.02	-0.87	1.24	mag	41.56	197.77	5.74	11.87	time	4
acc	0.90	0.02	-0.92	1.28	mag	41.56	197.77	5.74	11.87	time	4
acc	0.92	0.02	-0.97	1.34	mag	41.56	197.77	5.74	11.87	time	5
acc	0.95	0.05	-1.02	1.39	mag	41.56	197.77	5.74	11.87	time	4
acc	0.97	0.07	-1.02	1.41	mag	41.56	197.77	5.74	11.87	time	4
acc	0.99	0.09	-1.02	1.42	mag	41.56	197.77	5.74	11.87	time	5
acc	1.01	0.12	-1.07	1.48	mag	41.56	197.77	5.74	11.87	time	5
acc	0.99	0.13	-1.01	1.42	mag	41.56	197.77	5.74	11.87	time	4
acc	0.97	0.12	-0.95	1.37	mag	41.56	197.77	5.74	11.87	time	5
acc	0.95	0.11	-0.90	1.31	mag	41.56	197.77	5.74	11.87	time	5
acc	0.91	0.10	-0.90	1.29	mag	41.56	197.77	5.74	11.87	time	4
acc	0.90	0.08	-0.99	1.34	mag	41.56	197.77	5.74	11.87	time	4
acc	0.87	0.05	-1.04	1.36	mag	41.56	197.77	5.74	11.87	time	5
acc	0.85	0.02	-1.06	1.36	mag	41.56	197.77	5.74	11.87	time	5
acc	0.84	-0.01	-1.08	1.37	mag	41.56	197.77	5.74	11.87	time	4
acc	0.82	-0.01	-1.07	1.35	mag	51.06	207.30	1.15	13.84	time	5
acc	0.81	-0.03	-1.09	1.35	mag	51.06	207.30	1.15	13.84	time	4
acc	0.79	-0.02	-1.08	1.34	mag	51.06	207.30	1.15	13.84	time	5
acc	0.77	0.00	-1.07	1.32	mag	51.06	207.30	1.15	13.84	time	5
acc	0.78	0.01	-1.11	1.35	mag	51.06	207.30	1.15	13.84	time	4
acc	0.83	0.03	-1.16	1.43	mag	51.06	207.30	1.15	13.84	time	4
acc	0.87	0.06	-1.16	1.45	mag	51.06	207.30	1.15	13.84	time	5
acc	0.87	0.09	-1.14	1.43	mag	51.06	207.30	1.15	13.84	time	5
acc	0.87	0.08	-1.14	1.44	mag	51.06	207.30	1.15	13.84	time	4
acc	0.87	0.06	-1.15	1.44	mag	51.06	207.30	1.15	13.84	time	5
acc	0.86	0.06	-1.13	1.42	mag	51.06	207.30	1.15	13.84	time	5
acc	0.81	0.07	-1.08	1.35	mag	51.06	207.30	1.15	13.84	time	4
acc	0.77	0.08	-1.06	1.31	mag	51.06	207.30	1.15	13.84	time	4
acc	0.75	0.08	-1.05	1.30	mag	51.06	207.30	1.15	13.84	time	5
acc	0.72	0.09	-1.05	1.27	mag	51.06	207.30	1.15	13.84	time	4
acc	0.69	0.09	-1.06	1.27	mag	51.06	207.30	1.15	13.84	time	4
acc	0.65	0.10	-1.12	1.30	mag	51.06	207.30	1.15	13.84	time	5
acc	0.64	0.10	-1.17	1.34	mag	51.06	207.30	1.15	13.84	time	5
acc	0.64	0.09	-1.24	1.40	mag	51.06	207.30	1.15	13.84	time	4
acc	0.66	0.12	-1.28	1.45	mag	51.06	207.30	1.15	13.84	time	5
acc	0.69	0.15	-1.31	1.48	mag	51.06	207.30	1.15	13.84	time	5
acc	0.72	0.19	-1.31	1.51	mag	51.06	207.30	1.15	13.84	time	4
acc	0.75	0.21	-1.31	1.52	mag	51.06	207.30	1.15	13.84	time	4
acc	0.72	0.22	-1.30	1.50	mag	51.06	207.30	1.15	13.84	time	5
acc	0.67	0.23	-1.28	1.46	mag	65.31	190.62	10.34	18.91	time	4
acc	0.60	0.23	-1.22	1.38	mag	65.31	190.62	10.34	18.91	time	4
acc	0.52	0.22	-1.19	1.32	mag	65.31	190.62	10.34	18.91	time	5
acc	0.46	0.22	-1.16	1.27	mag	65.31	190.62	10.34	18.91	time	4
acc	0.41	0.18	-1.14	1.22	mag	65.31	190.62	10.34	18.91	time	5
acc	0.35	0.16	-1.08	1.15	mag	65.31	190.62	10.34	18.91	time	5
acc	0.32	0.14	-1.03	1.09	mag	65.31	190.62	10.34	18.91	time	4
acc	0.31	0.13	-1.00	1.06	mag	65.31	190.62	10.34	18.91	time	5
acc	0.31	0.12	-0.97	1.03	mag	65.31	190.62	10.34	18.91	time	4
acc	0.29	0.11	-0.95	1.00	mag	65.31	190.62	10.34	18.91	time	5
acc	0.27	0.14	-0.90	0.95	mag	65.31	190.62	10.34	18.91	time	5
acc	0.27	0.18	-0.84	0.90	mag	65.31	190.62	10.34	18.91	time	4
acc	0.25	0.25	-0.80	0.88	mag	65.31	190.62	10.34	18.91	time	5
acc	0.26	0.30	-0.79	0.88	mag	65.31	190.62	10.34	18.91	time	5
acc	0.26	0.33	-0.77	0.88	mag	65.31	190.62	10.34	18.91	time	4
acc	0.24	0.36	-0.76	0.88	mag	65.31	190.62	10.34	18.91	time	5
acc	0.24	0.38	-0.76	0.89	mag	65.31	190.62	10.34	18.91	time	4
acc	0.22	0.39	-0.76	0.88	mag	65.31	190.62	10.34	18.91	time	5
acc	0.20	0.40	-0.73	0.86	mag	65.31	190.62	10.34	18.91	time	5
acc	0.17	0.39	-0.70	0.82	mag	65.31	190.62	10.34	18.91	time	4
acc	0.11	0.40	-0.65	0.77	mag	65.31	190.62	10.34	18.91	time	5
acc	0.09	0.42	-0.64	0.77	mag	65.31	190.62	10.34	18.91	time	4
acc	0.09	0.42	-0.68	0.80	mag	65.31	190.62	10.34	18.91	time	5
acc	0.05	0.41	-0.67	0.79	mag	70.06	163.22	4.59	23.23	time	5
acc	0.04	0.44	-0.67	0.80	mag	70.06	163.22	4.59	23.23	time	4
acc	0.04	0.52	-0.60	0.79	mag	70.06	163.22	4.59	23.23	time	4
acc	0.04	0.57	-0.54	0.78	mag	70.06	163.22	4.59	23.23	time	5
acc	0.05	0.60	-0.47	0.76	mag	70.06	163.22	4.59	23.23	time	5
acc	0.02	0.61	-0.39	0.72	mag	70.06	163.22	4.59	23.23	time	4
acc	-0.00	0.63	-0.33	0.71	mag	70.06	163.22	4.59	23.23	time	5
acc	0.02	0.68	-0.29	0.74	mag	70.06	163.22	4.59	23.23	time	5
acc	0.03	0.68	-0.25	0.72	mag	70.06	163.22	4.59	23.23	time	4
acc	0.05	0.70	-0.24	0.75	mag	70.06	163.22	4.59	23.23	time	5
acc	0.10	0.73	-0.23	0.77	mag	70.06	163.22	4.59	23.23	time	5
acc	0.12	0.76	-0.25	0.81	mag	70.06	163.22	4.59	23.23	time	4
acc	0.13	0.80	-0.22	0.84	mag	70.06	163.22	4.59	23.23	time	4
acc	0.21	0.85	-0.20	0.90	mag	70.06	163.22	4.59	23.23	time	5
acc	0.29	0.87	-0.24	0.95	mag	70.06	163.22	4.59	23.23	time	4
acc	0.64	0.98	-0.33	1.21	mag	70.06	163.22	4.59	23.23	time	4
acc	0.83	0.92	-0.11	1.25	mag	70.06	163.22	4.59	23.23	time	5
acc	0.70	0.66	-0.60	1.13	mag	70.06	163.22	4.59	23.23	time	5
acc	0.59	0.68	-0.23	0.93	mag	70.06	163.22	4.59	23.23	time	4
acc	-0.05	0.60	0.03	0.60	mag	70.06	163.22	4.59	23.23	time	4
acc	-0.07	0.80	0.42	0.91	mag	70.06	163.22	4.59	23.23	time	5
acc	-0.33	0.82	0.60	1.06	mag	70.06	163.22	4.59	23.23	time	4
acc	-0.65	0.78	0.78	1.29	mag	70.06	163.22	4.59	23.23	time	4
acc	-0.67	0.79	0.75	1.28	mag	74.81	148.93	-3.45	26.67	time	5
acc	-0.55	0.81	0.73	1.22	mag	74.81	148.93	-3.45	26.67	time	4
acc	-0.45	0.84	0.72	1.19	mag	74.81	148.93	-3.45	26.67	time	5
acc	-0.37	0.81	0.68	1.12	mag	74.81	148.93	-3.45	26.67	time	5
acc	-0.26	0.78	0.66	1.05	mag	74.81	148.93	-3.45	26.67	time	4
acc	-0.18	0.76	0.64	1.01	mag	74.81	148.93	-3.45	26.67	time	5
acc	-0.18	0.75	0.64	1.00	mag	74.81	148.93	-3.45	26.67	time	5
acc	-0.19	0.76	0.42	0.89	mag	74.81	148.93	-3.45	26.67	time	4
acc	-0.17	0.78	0.25	0.84	mag	74.81	148.93	-3.45	26.67	time	5
acc	-0.06	0.81	0.17	0.83	mag	74.81	148.93	-3.45	26.67	time	4
acc	0.04	0.81	0.07	0.81	mag	74.81	148.93	-3.45	26.67	time	4
acc	0.06	0.81	0.05	0.81	mag	74.81	148.93	-3.45	26.67	time	5
acc	0.05	0.81	0.01	0.81	mag	74.81	148.93	-3.45	26.67	time	4
acc	0.01	0.81	0.05	0.81	mag	74.81	148.93	-3.45	26.67	time	4
acc	-0.01	0.82	0.06	0.82	mag	74.81	148.93	-3.45	26.67	time	5
acc	-0.13	0.83	0.15	0.86	mag	74.81	148.93	-3.45	26.67	time	4
acc	-0.10	0.82	0.23	0.86	mag	74.81	148.93	-3.45	26.67	time	5
acc	-0.14	0.78	0.37	0.88	mag	74.81	148.93	-3.45	26.67	time	5
acc	-0.24	0.77	0.55	0.98	mag	74.81	148.93	-3.45	26.67	time	4
acc	-0.39	0.79	0.98	1.32	mag	74.81	148.93	-3.45	26.67	time	5
acc	-0.50	0.77	1.22	1.53	mag	74.81	148.93	-3.45	26.67	time	5
acc	-0.45	0.78	0.82	1.22	mag	74.81	148.93	-3.45	26.67	time	4
acc	-0.29	0.80	0.51	1.00	mag	74.81	148.93	-3.45	26.67	time	5
acc	-0.11	0.81	0.25	0.85	mag	72.44	151.31	-8.04	25.58	time	4
acc	-0.03	0.78	0.17	0.80	mag	72.44	151.31	-8.04	25.58	time	5
acc	0.02	0.80	0.12	0.81	mag	72.44	151.31	-8.04	25.58	time	5
acc	0.02	0.77	0.09	0.78	mag	72.44	151.31	-8.04	25.58	time	4
acc	0.02	0.79	0.08	0.79	mag	72.44	151.31	-8.04	25.58	time	4
acc	0.01	0.79	0.14	0.80	mag	72.44	151.31	-8.04	25.58	time	5
acc	-0.03	0.78	0.26	0.82	mag	72.44	151.31	-8.04	25.58	time	4
acc	-0.13	0.73	0.37	0.83	mag	72.44	151.31	-8.04	25.58	time	5
acc	-0.22	0.68	0.46	0.85	mag	72.44	151.31	-8.04	25.58	time	5
acc	-0.30	0.70	0.53	0.93	mag	72.44	151.31	-8.04	25.58	time	4
acc	-0.31	0.72	0.53	0.94	mag	72.44	151.31	-8.04	25.58	time	5
acc	-0.27	0.73	0.49	0.92	mag	72.44	151.31	-8.04	25.58	time	5
acc	-0.24	0.75	0.45	0.90	mag	72.44	151.31	-8.04	25.58	time	4
acc	-0.21	0.77	0.40	0.89	mag	72.44	151.31	-8.04	25.58	time	5
acc	-0.17	0.75	0.43	0.88	mag	72.44	151.31	-8.04	25.58	time	4
acc	-0.17	0.72	0.49	0.89	mag	72.44	151.31	-8.04	25.58	time	5
acc	-0.20	0.70	0.52	0.90	mag	72.44	151.31	-8.04	25.58	time	5
acc	-0.17	0.72	0.58	0.94	mag	72.44	151.31	-8.04	25.58	time	4
acc	-0.13	0.70	0.63	0.95	mag	72.44	151.31	-8.04	25.58	time	5
acc	-0.09	0.66	0.67	0.94	mag	72.44	151.31	-8.04	25.58	time	4
acc	-0.07	0.64	0.72	0.97	mag	72.44	151.31	-8.04	25.58	time	4
acc	-0.06	0.65	0.77	1.01	mag	72.44	151.31	-8.04	25.58	time	5
acc	-0.06	0.66	0.75	1.00	mag	72.44	151.31	-8.04	25.58	time	4
acc	-0.04	0.69	0.74	1.01	mag	71.25	146.54	-20.67	25.93	time	5
acc	-0.04	0.71	0.74	1.03	mag	71.25	146.54	-20.67	25.93	time	4
acc	-0.06	0.74	0.76	1.06	mag	71.25	146.54	-20.67	25.93	time	5
acc	-0.08	0.72	0.83	1.10	mag	71.25	146.54	-20.67	25.93	time	5
acc	-0.08	0.75	0.83	1.13	mag	71.25	146.54	-20.67	25.93	time	5
acc	-0.05	0.80	0.85	1.17	mag	71.25	146.54	-20.67	25.93	time	5
acc	-0.10	0.84	0.88	1.22	mag	71.25	146.54	-20.67	25.93	time	5
acc	-0.12	0.86	0.90	1.26	mag	71.25	146.54	-20.67	25.93	time	5
acc	-0.13	0.87	0.93	1.28	mag	71.25	146.54	-20.67	25.93	time	4
acc	-0.13	0.87	0.91	1.26	mag	71.25	146.54	-20.67	25.93	time	5
acc	-0.12	0.84	0.89	1.23	mag	71.25	146.54	-20.67	25.93	time	4
acc	-0.12	0.82	0.88	1.21	mag	71.25	146.54	-20.67	25.93	time	5
acc	-0.09	0.84	0.83	1.18	mag	71.25	146.54	-20.67	25.93	time	4
acc	-0.05	0.81	0.77	1.12	mag	71.25	146.54	-20.67	25.93	time	5
acc	-0.05	0.79	0.74	1.08	mag	71.25	146.54	-20.67	25.93	time	4
acc	-0.07	0.78	0.76	1.09	mag	71.25	146.54	-20.67	25.93	time	5
acc	-0.02	0.75	0.73	1.05	mag	71.25	146.54	-20.67	25.93	time	4
acc	-0.01	0.70	0.74	1.02	mag	71.25	146.54	-20.67	25.93	time	5
acc	-0.00	0.71	0.76	1.04	mag	71.25	146.54	-20.67	25.93	time	5
acc	-0.00	0.70	0.82	1.08	mag	71.25	146.54	-20.67	25.93	time	5
acc	0.01	0.68	0.83	1.08	mag	71.25	146.54	-20.67	25.93	time	5
acc	0.00	0.69	0.86	1.11	mag	71.25	146.54	-20.67	25.93	time	4
acc	-0.01	0.73	0.86	1.13	mag	71.25	146.54	-20.67	25.93	time	5
acc	0.02	0.72	0.84	1.10	mag	72.44	150.12	-29.86	25.76	time	4
acc	0.00	0.71	0.87	1.13	mag	72.44	150.12	-29.86	25.76	time	5
acc	-0.01	0.68	0.89	1.12	mag	72.44	150.12	-29.86	25.76	time	5
acc	-0.03	0.66	0.87	1.10	mag	72.44	150.12	-29.86	25.76	time	5
acc	-0.06	0.63	0.83	1.05	mag	72.44	150.12	-29.86	25.76	time	5
acc	-0.07	0.63	0.82	1.04	mag	72.44	150.12	-29.86	25.76	time	4
acc	-0.09	0.59	0.78	0.98	mag	72.44	150.12	-29.86	25.76	time	5
acc	-0.10	0.57	0.79	0.98	mag	72.44	150.12	-29.86	25.76	time	4
acc	-0.12	0.57	0.77	0.96	mag	72.44	150.12	-29.86	25.76	time	5
acc	-0.11	0.57	0.74	0.94	mag	72.44	150.12	-29.86	25.76	time	4
acc	-0.09	0.58	0.70	0.92	mag	72.44	150.12	-29.86	25.76	time	5
acc	-0.09	0.56	0.68	0.89	mag	72.44	150.12	-29.86	25.76	time	4
acc	-0.06	0.53	0.70	0.88	mag	72.44	150.12	-29.86	25.76	time	5
acc	-0.03	0.48	0.72	0.87	mag	72.44	150.12	-29.86	25.76	time	4
acc	-0.01	0.42	0.73	0.85	mag	72.44	150.12	-29.86	25.76	time	5
acc	0.00	0.38	0.75	0.85	mag	72.44	150.12	-29.86	25.76	time	5
acc	0.02	0.35	0.75	0.83	mag	72.44	150.12	-29.86	25.76	time	4
acc	0.05	0.32	0.72	0.79	mag	72.44	150.12	-29.86	25.76	time	5
acc	0.05	0.32	0.69	0.76	mag	72.44	150.12	-29.86	25.76	time	4
acc	0.04	0.35	0.69	0.77	mag	72.44	150.12	-29.86	25.76	time	5
acc	0.01	0.36	0.71	0.80	mag	72.44	150.12	-29.86	25.76	time	5
acc	-0.02	0.39	0.77	0.86	mag	72.44	150.12	-29.86	25.76	time	4
acc	-0.03	0.45	0.86	0.97	mag	72.44	150.12	-29.86	25.76	time	5
acc	-0.05	0.49	0.91	1.03	mag	70.06	156.07	-36.75	24.18	time	4
acc	-0.06	0.53	0.96	1.10	mag	70.06	156.07	-36.75	24.18	time	5
acc	-0.05	0.53	1.03	1.16	mag	70.06	156.07	-36.75	24.18	time	4
acc	0.00	0.54	1.07	1.19	mag	70.06	156.07	-36.75	24.18	time	5
acc	0.03	0.55	1.08	1.22	mag	70.06	156.07	-36.75	24.18	time	4
acc	0.12	0.54	1.03	1.17	mag	70.06	156.07	-36.75	24.18	time	4
acc	0.16	0.54	1.00	1.14	mag	70.06	156.07	-36.75	24.18	time	5
acc	0.19	0.55	1.00	1.15	mag	70.06	156.07	-36.75	24.18	time	4
acc	0.21	0.58	0.99	1.17	mag	70.06	156.07	-36.75	24.18	time	5
acc	0.21	0.60	0.99	1.18	mag	70.06	156.07	-36.75	24.18	time	5
acc	0.22	0.60	0.97	1.17	mag	70.06	156.07	-36.75	24.18	time	4
acc	0.21	0.59	0.95	1.14	mag	70.06	156.07	-36.75	24.18	time	5
acc	0.19	0.56	0.95	1.12	mag	70.06	156.07	-36.75	24.18	time	4
acc	0.15	0.54	1.02	1.16	mag	70.06	156.07	-36.75	24.18	time	5
acc	0.14	0.52	1.06	1.19	mag	70.06	156.07	-36.75	24.18	time	5
acc	0.11	0.51	1.12	1.24	mag	70.06	156.07	-36.75	24.18	time	4
acc	0.09	0.51	1.20	1.30	mag	70.06	156.07	-36.75	24.18	time	5
acc	0.08	0.52	1.24	1.35	mag	70.06	156.07	-36.75	24.18	time	5
acc	0.09	0.53	1.31	1.42	mag	70.06	156.07	-36.75	24.18	time	4
acc	0.10	0.54	1.34	1.45	mag	70.06	156.07	-36.75	24.18	time	5
acc	0.12	0.55	1.37	1.48	mag	70.06	156.07	-36.75	24.18	time	4
acc	0.16	0.54	1.34	1.46	mag	70.06	156.07	-36.75	24.18	time	5
acc	0.19	0.55	1.30	1.42	mag	70.06	156.07	-36.75	24.18	time	5
acc	0.25	0.56	1.24	1.38	mag	68.87	160.84	-39.05	23.18	time	4
acc	0.27	0.55	1.23	1.37	mag	68.87	160.84	-39.05	23.18	time	5
acc	0.28	0.55	1.24	1.38	mag	68.87	160.84	-39.05	23.18	time	4
acc	0.23	0.54	1.26	1.39	mag	68.87	160.84	-39.05	23.18	time	5
acc	0.17	0.55	1.28	1.41	mag	68.87	160.84	-39.05	23.18	time	5
acc	0.10	0.58	1.32	1.44	mag	68.87	160.84	-39.05	23.18	time	4
acc	0.05	0.63	1.36	1.50	mag	68.87	160.84	-39.05	23.18	time	5
acc	0.02	0.67	1.39	1.54	mag	68.87	160.84	-39.05	23.18	time	5
acc	0.00	0.70	1.44	1.60	mag	68.87	160.84	-39.05	23.18	time	4
acc	0.02	0.72	1.47	1.64	mag	68.87	160.84	-39.05	23.18	time	5
acc	0.04	0.73	1.50	1.67	mag	68.87	160.84	-39.05	23.18	time	4
acc	0.05	0.75	1.56	1.73	mag	68.87	160.84	-39.05	23.18	time	5
acc	0.06	0.77	1.61	1.79	mag	68.87	160.84	-39.05	23.18	time	5
acc	0.06	0.80	1.68	1.86	mag	68.87	160.84	-39.05	23.18	time	4
acc	0.09	0.85	1.76	1.95	mag	68.87	160.84	-39.05	23.18	time	5
acc	0.08	0.91	1.82	2.03	mag	68.87	160.84	-39.05	23.18	time	5
acc	0.11	0.90	1.85	2.06	mag	68.87	160.84	-39.05	23.18	time	4
acc	0.12	0.87	1.86	2.06	mag	68.87	160.84	-39.05	23.18	time	5
acc	0.11	0.85	1.85	2.04	mag	68.87	160.84	-39.05	23.18	time	4
acc	0.13	0.85	1.80	1.99	mag	68.87	160.84	-39.05	23.18	time	5
acc	0.13	0.85	1.76	1.95	mag	68.87	160.84	-39.05	23.18	time	5
acc	0.11	0.82	1.70	1.89	mag	68.87	160.84	-39.05	23.18	time	4
acc	0.08	0.79	1.65	1.83	mag	68.87	160.84	-39.05	23.18	time	5
acc	0.07	0.78	1.59	1.77	mag	66.50	152.50	-40.20	23.56	time	4
acc	0.04	0.78	1.51	1.70	mag	66.50	152.50	-40.20	23.56	time	5
acc	0.02	0.79	1.49	1.68	mag	66.50	152.50	-40.20	23.56	time	5
acc	-0.02	0.76	1.50	1.68	mag	66.50	152.50	-40.20	23.56	time	4
acc	-0.07	0.74	1.47	1.65	mag	66.50	152.50	-40.20	23.56	time	5
acc	-0.09	0.71	1.42	1.59	mag	66.50	152.50	-40.20	23.56	time	4
acc	-0.11	0.73	1.33	1.52	mag	66.50	152.50	-40.20	23.56	time	5
acc	-0.30	0.72	1.35	1.56	mag	66.50	152.50	-40.20	23.56	time	4
acc	-0.22	0.69	1.24	1.43	mag	66.50	152.50	-40.20	23.56	time	5
acc	-0.18	0.65	1.21	1.39	mag	66.50	152.50	-40.20	23.56	time	4
acc	-0.18	0.70	1.14	1.35	mag	66.50	152.50	-40.20	23.56	time	5
acc	-0.33	0.71	1.10	1.35	mag	66.50	152.50	-40.20	23.56	time	5
acc	-0.23	0.69	1.02	1.25	mag	66.50	152.50	-40.20	23.56	time	5
acc	-0.19	0.68	0.99	1.21	mag	66.50	152.50	-40.20	23.56	time	5
acc	-0.19	0.65	0.88	1.11	mag	66.50	152.50	-40.20	23.56	time	5
acc	-0.25	0.64	0.81	1.07	mag	66.50	152.50	-40.20	23.56	time	5
acc	-0.30	0.63	0.79	1.05	mag	66.50	152.50	-40.20	23.56	time	4
acc	-0.33	0.58	0.75	1.00	mag	66.50	152.50	-40.20	23.56	time	5
acc	-0.34	0.56	0.72	0.97	mag	66.50	152.50	-40.20	23.56	time	4
acc	-0.33	0.54	0.70	0.94	mag	66.50	152.50	-40.20	23.56	time	5
acc	-0.33	0.54	0.69	0.94	mag	66.50	152.50	-40.20	23.56	time	4
acc	-0.29	0.57	0.63	0.90	mag	66.50	152.50	-40.20	23.56	time	5
acc	-0.29	0.60	0.56	0.87	mag	71.25	137.01	-20.67	27.48	time	4
acc	-0.30	0.60	0.52	0.85	mag	71.25	137.01	-20.67	27.48	time	5
acc	-0.33	0.58	0.50	0.84	mag	71.25	137.01	-20.67	27.48	time	4
acc	-0.33	0.56	0.50	0.82	mag	71.25	137.01	-20.67	27.48	time	5
acc	-0.32	0.53	0.47	0.77	mag	71.25	137.01	-20.67	27.48	time	5
acc	-0.30	0.51	0.45	0.75	mag	71.25	137.01	-20.67	27.48	time	5
acc	-0.29	0.49	0.44	0.72	mag	71.25	137.01	-20.67	27.48	time	5
acc	-0.28	0.47	0.39	0.68	mag	71.25	137.01	-20.67	27.48	time	5
acc	-0.26	0.48	0.34	0.65	mag	71.25	137.01	-20.67	27.48	time	5
acc	-0.27	0.48	0.30	0.63	mag	71.25	137.01	-20.67	27.48	time	5
acc	-0.26	0.49	0.26	0.61	mag	71.25	137.01	-20.67	27.48	time	5
acc	-0.25	0.51	0.19	0.60	mag	71.25	137.01	-20.67	27.48	time	4
acc	-0.26	0.54	0.15	0.62	mag	71.25	137.01	-20.67	27.48	time	5
acc	-0.27	0.53	0.08	0.60	mag	71.25	137.01	-20.67	27.48	time	4
acc	-0.24	0.55	0.07	0.60	mag	71.25	137.01	-20.67	27.48	time	5
acc	-0.27	0.50	0.09	0.57	mag	71.25	137.01	-20.67	27.48	time	4
acc	-0.27	0.49	0.10	0.57	mag	71.25	137.01	-20.67	27.48	time	5
acc	-0.27	0.48	0.12	0.56	mag	71.25	137.01	-20.67	27.48	time	4
acc	-0.30	0.46	0.12	0.56	mag	71.25	137.01	-20.67	27.48	time	5
acc	-0.32	0.42	0.17	0.55	mag	71.25	137.01	-20.67	27.48	time	4
acc	-0.29	0.46	0.18	0.58	mag	71.25	137.01	-20.67	27.48	time	5
acc	-0.28	0.51	0.19	0.61	mag	71.25	137.01	-20.67	27.48	time	5
acc	-0.22	0.51	0.19	0.59	mag	71.25	137.01	-20.67	27.48	time	5
acc	-0.16	0.45	0.20	0.52	mag	65.31	137.01	9.19	25.49	time	5
acc	-0.10	0.39	0.14	0.43	mag	65.31	137.01	9.19	25.49	time	4
acc	-0.09	0.29	0.10	0.32	mag	65.31	137.01	9.19	25.49	time	4
acc	0.02	0.20	0.12	0.23	mag	65.31	137.01	9.19	25.49	time	5
acc	-0.07	0.17	0.02	0.19	mag	65.31	137.01	9.19	25.49	time	5
acc	-0.01	0.19	0.00	0.19	mag	65.31	137.01	9.19	25.49	time	4
acc	0.02	0.15	-0.01	0.15	mag	65.31	137.01	9.19	25.49	time	5
acc	0.05	0.14	-0.02	0.15	mag	65.31	137.01	9.19	25.49	time	5
acc	0.05	0.15	-0.04	0.17	mag	65.31	137.01	9.19	25.49	time	4
acc	0.01	0.15	-0.04	0.15	mag	65.31	137.01	9.19	25.49	time	4
acc	0.00	0.19	-0.07	0.20	mag	65.31	137.01	9.19	25.49	time	5
acc	0.01	0.20	-0.09	0.22	mag	65.31	137.01	9.19	25.49	time	4
acc	0.01	0.21	-0.11	0.24	mag	65.31	137.01	9.19	25.49	time	4
acc	0.02	0.23	-0.19	0.29	mag	65.31	137.01	9.19	25.49	time	5
acc	0.03	0.25	-0.25	0.35	mag	65.31	137.01	9.19	25.49	time	5
acc	0.02	0.25	-0.35	0.43	mag	65.31	137.01	9.19	25.49	time	4
acc	0.01	0.27	-0.42	0.50	mag	65.31	137.01	9.19	25.49	time	5
acc	0.05	0.29	-0.50	0.58	mag	65.31	137.01	9.19	25.49	time	5
acc	0.03	0.29	-0.55	0.62	mag	65.31	137.01	9.19	25.49	time	4
acc	0.05	0.28	-0.60	0.67	mag	65.31	137.01	9.19	25.49	time	4
acc	0.07	0.29	-0.67	0.73	mag	65.31	137.01	9.19	25.49	time	5
acc	0.08	0.28	-0.72	0.78	mag	65.31	137.01	9.19	25.49	time	5
acc	0.07	0.27	-0.77	0.82	mag	65.31	137.01	9.19	25.49	time	4
acc	0.07	0.26	-0.83	0.87	mag	51.06	157.27	28.71	17.99	time	5
acc	0.07	0.23	-0.89	0.92	mag	51.06	157.27	28.71	17.99	time	5
acc	0.06	0.23	-0.93	0.96	mag	51.06	157.27	28.71	17.99	time	4
acc	0.07	0.20	-0.97	0.99	mag	51.06	157.27	28.71	17.99	time	5
acc	0.07	0.16	-0.98	1.00	mag	51.06	157.27	28.71	17.99	time	4
acc	0.09	0.13	-0.99	1.00	mag	51.06	157.27	28.71	17.99	time	5
acc	0.13	0.10	-1.00	1.01	mag	51.06	157.27	28.71	17.99	time	5
acc	0.16	0.06	-1.04	1.05	mag	51.06	157.27	28.71	17.99	time	4
acc	0.18	0.06	-1.02	1.04	mag	51.06	157.27	28.71	17.99	time	5
acc	0.20	0.03	-1.04	1.06	mag	51.06	157.27	28.71	17.99	time	4
acc	0.19	0.03	-1.03	1.05	mag	51.06	157.27	28.71	17.99	time	5
acc	0.19	0.07	-1.04	1.06	mag	51.06	157.27	28.71	17.99	time	5
acc	0.18	0.14	-1.06	1.08	mag	51.06	157.27	28.71	17.99	time	4
acc	0.15	0.18	-1.08	1.10	mag	51.06	157.27	28.71	17.99	time	5
acc	0.16	0.19	-1.12	1.15	mag	51.06	157.27	28.71	17.99	time	5
acc	0.14	0.18	-1.15	1.17	mag	51.06	157.27	28.71	17.99	time	4
acc	0.16	0.15	-1.18	1.20	mag	51.06	157.27	28.71	17.99	time	5
acc	0.06	0.13	-1.06	1.07	mag	51.06	157.27	28.71	17.99	time	4
acc	0.04	0.09	-1.07	1.08	mag	51.06	157.27	28.71	17.99	time	5
acc	-0.00	0.07	-1.06	1.06	mag	51.06	157.27	28.71	17.99	time	5
acc	-0.03	0.06	-1.04	1.04	mag	51.06	157.27	28.71	17.99	time	4
acc	-0.05	0.07	-1.01	1.02	mag	51.06	157.27	28.71	17.99	time	5
acc	-0.06	0.06	-1.02	1.02	mag	51.06	157.27	28.71	17.99	time	4
acc	-0.09	0.03	-1.00	1.00	mag	35.63	166.80	22.97	12.06	time	5
acc	-0.12	0.01	-0.99	1.00	mag	35.63	166.80	22.97	12.06	time	4
acc	-0.15	-0.02	-1.00	1.01	mag	35.63	166.80	22.97	12.06	time	5
acc	-0.18	-0.04	-1.02	1.04	mag	35.63	166.80	22.97	12.06	time	4
acc	-0.21	-0.04	-1.05	1.07	mag	35.63	166.80	22.97	12.06	time	5
acc	-0.21	-0.03	-1.08	1.10	mag	35.63	166.80	22.97	12.06	time	5
acc	-0.18	-0.03	-1.12	1.13	mag	35.63	166.80	22.97	12.06	time	5
acc	-0.13	-0.01	-1.18	1.19	mag	35.63	166.80	22.97	12.06	time	5
acc	-0.08	-0.00	-1.21	1.21	mag	35.63	166.80	22.97	12.06	time	5
acc	-0.02	0.01	-1.29	1.29	mag	35.63	166.80	22.97	12.06	time	5
acc	0.04	0.01	-1.39	1.39	mag	35.63	166.80	22.97	12.06	time	4
acc	0.12	0.03	-1.51	1.52	mag	35.63	166.80	22.97	12.06	time	4
acc	0.15	0.05	-1.60	1.61	mag	35.63	166.80	22.97	12.06	time	5
acc	0.17	0.04	-1.64	1.65	mag	35.63	166.80	22.97	12.06	time	4
acc	0.11	0.07	-1.54	1.54	mag	35.63	166.80	22.97	12.06	time	5
acc	0.04	0.11	-1.46	1.46	mag	35.63	166.80	22.97	12.06	time	5
acc	0.02	0.07	-1.35	1.36	mag	35.63	166.80	22.97	12.06	time	4
acc	-0.10	0.01	-1.18	1.18	mag	35.63	166.80	22.97	12.06	time	5
acc	-0.20	-0.09	-1.12	1.14	mag	35.63	166.80	22.97	12.06	time	4
acc	-0.23	-0.08	-1.17	1.20	mag	35.63	166.80	22.97	12.06	time	5
acc	-0.25	-0.07	-1.19	1.21	mag	35.63	166.80	22.97	12.06	time	5
acc	-0.25	-0.11	-1.20	1.23	mag	35.63	166.80	22.97	12.06	time	5
acc	-0.29	-0.15	-1.19	1.24	mag	35.63	166.80	22.97	12.06	time	5
acc	-0.30	-0.16	-1.21	1.26	mag	38.00	152.50	40.20	13.99	time	5
acc	-0.31	-0.11	-1.20	1.24	mag	38.00	152.50	40.20	13.99	time	5
acc	-0.29	-0.06	-1.20	1.23	mag	38.00	152.50	40.20	13.99	time	4
acc	-0.29	-0.06	-1.18	1.22	mag	38.00	152.50	40.20	13.99	time	5
acc	-0.29	-0.06	-1.18	1.21	mag	38.00	152.50	40.20	13.99	time	4
acc	-0.26	-0.11	-1.18	1.21	mag	38.00	152.50	40.20	13.99	time	5
acc	-0.24	-0.15	-1.17	1.21	mag	38.00	152.50	40.20	13.99	time	5
acc	-0.23	-0.16	-1.21	1.24	mag	38.00	152.50	40.20	13.99	time	5
acc	-0.23	-0.14	-1.25	1.28	mag	38.00	152.50	40.20	13.99	time	5
acc	-0.24	-0.13	-1.26	1.29	mag	38.00	152.50	40.20	13.99	time	5
acc	-0.24	-0.11	-1.25	1.28	mag	38.00	152.50	40.20	13.99	time	5
acc	-0.24	-0.09	-1.23	1.26	mag	38.00	152.50	40.20	13.99	time	4
acc	-0.23	-0.08	-1.23	1.25	mag	38.00	152.50	40.20	13.99	time	5
acc	-0.23	-0.10	-1.22	1.25	mag	38.00	152.50	40.20	13.99	time	4
acc	-0.24	-0.12	-1.24	1.27	mag	38.00	152.50	40.20	13.99	time	5
acc	-0.25	-0.13	-1.27	1.30	mag	38.00	152.50	40.20	13.99	time	5
acc	-0.24	-0.14	-1.29	1.32	mag	38.00	152.50	40.20	13.99	time	5
acc	-0.23	-0.15	-1.33	1.36	mag	38.00	152.50	40.20	13.99	time	5
acc	-0.24	-0.16	-1.36	1.39	mag	38.00	152.50	40.20	13.99	time	5
acc	-0.26	-0.17	-1.38	1.41	mag	38.00	152.50	40.20	13.99	time	5
acc	-0.27	-0.18	-1.38	1.41	mag	38.00	152.50	40.20	13.99	time	4
acc	-0.27	-0.18	-1.35	1.39	mag	38.00	152.50	40.20	13.99	time	5
acc	-0.26	-0.18	-1.32	1.36	mag	48.69	160.84	37.90	16.84	time	4
acc	-0.26	-0.15	-1.29	1.32	mag	48.69	160.84	37.90	16.84	time	5
acc	-0.26	-0.10	-1.27	1.30	mag	48.69	160.84	37.90	16.84	time	5
acc	-0.23	-0.10	-1.25	1.27	mag	48.69	160.84	37.90	16.84	time	5
acc	-0.21	-0.09	-1.24	1.26	mag	48.69	160.84	37.90	16.84	time	5
acc	-0.22	-0.10	-1.28	1.30	mag	48.69	160.84	37.90	16.84	time	5
acc	-0.25	-0.12	-1.32	1.35	mag	48.69	160.84	37.90	16.84	time	5
acc	-0.29	-0.15	-1.38	1.42	mag	48.69	160.84	37.90	16.84	time	4
acc	-0.32	-0.19	-1.46	1.50	mag	48.69	160.84	37.90	16.84	time	5
acc	-0.39	-0.21	-1.50	1.56	mag	48.69	160.84	37.90	16.84	time	4
acc	-0.43	-0.23	-1.52	1.60	mag	48.69	160.84	37.90	16.84	time	5
acc	-0.43	-0.24	-1.52	1.60	mag	48.69	160.84	37.90	16.84	time	5
acc	-0.41	-0.22	-1.49	1.56	mag	48.69	160.84	37.90	16.84	time	5
acc	-0.36	-0.21	-1.45	1.51	mag	48.69	160.84	37.90	16.84	time	5
acc	-0.32	-0.16	-1.45	1.49	mag	48.69	160.84	37.90	16.84	time	5
acc	-0.27	-0.12	-1.46	1.49	mag	48.69	160.84	37.90	16.84	time	5
acc	-0.20	-0.09	-1.45	1.47	mag	48.69	160.84	37.90	16.84	time	4
acc	-0.16	-0.06	-1.47	1.48	mag	48.69	160.84	37.90	16.84	time	5
acc	-0.15	-0.02	-1.51	1.52	mag	48.69	160.84	37.90	16.84	time	4
acc	-0.15	0.01	-1.52	1.53	mag	48.69	160.84	37.90	16.84	time	5
acc	-0.14	-0.00	-1.51	1.52	mag	48.69	160.84	37.90	16.84	time	4
acc	-0.16	0.00	-1.49	1.50	mag	48.69	160.84	37.90	16.84	time	5
acc	-0.17	-0.00	-1.45	1.46	mag	48.69	160.84	37.90	16.84	time	4
acc	-0.18	0.01	-1.39	1.40	mag	48.69	160.84	37.90	16.84	time	5
acc	-0.21	0.05	-1.31	1.33	mag	48.69	160.84	37.90	16.84	time	4
acc	-0.23	0.07	-1.26	1.28	mag	48.69	160.84	37.90	16.84	time	5
acc	-0.24	0.09	-1.20	1.23	mag	48.69	160.84	37.90	16.84	time	4
acc	-0.22	0.09	-1.15	1.17	mag	48.69	160.84	37.90	16.84	time	5
acc	-0.19	0.08	-1.09	1.11	mag	48.69	160.84	37.90	16.84	time	4
acc	-0.16	0.07	-1.06	1.08	mag	48.69	160.84	37.90	16.84	time	5
acc	-0.13	0.06	-1.02	1.04	mag	48.69	160.84	37.90	16.84	time	4
acc	-0.12	0.08	-0.97	0.98	mag	48.69	160.84	37.90	16.84	time	5
acc	-0.11	0.11	-0.90	0.92	mag	48.69	160.84	37.90	16.84	time	5
acc	-0.13	0.14	-0.84	0.86	mag	48.69	160.84	37.90	16.84	time	5
acc	-0.16	0.14	-0.79	0.82	mag	48.69	160.84	37.90	16.84	time	5
acc	-0.18	0.15	-0.76	0.79	mag	48.69	160.84	37.90	16.84	time	5
acc	-0.20	0.14	-0.75	0.79	mag	48.69	160.84	37.90	16.84	time	5
acc	-0.23	0.12	-0.75	0.79	mag	48.69	160.84	37.90	16.84	time	5
acc	-0.24	0.10	-0.76	0.81	mag	48.69	160.84	37.90	16.84	time	5
acc	-0.25	0.08	-0.75	0.80	mag	48.69	160.84	37.90	16.84	time	4
acc	-0.24	0.07	-0.73	0.77	mag	48.69	160.84	37.90	16.84	time	5
acc	-0.21	0.04	-0.68	0.71	mag	48.69	160.84	37.90	16.84	time	4
acc	-0.21	0.05	-0.63	0.66	mag	48.69	160.84	37.90	16.84	time	5
acc	-0.22	0.09	-0.59	0.63	mag	48.69	160.84	37.90	16.84	time	4
acc	-0.24	0.09	-0.53	0.59	mag	48.69	160.84	37.90	16.84	time	5
acc	-0.24	0.10	-0.50	0.56	mag	49.88	162.03	33.30	17.11	time	4
acc	-0.23	0.09	-0.48	0.54	mag	49.88	162.03	33.30	17.11	time	5
acc	-0.21	0.08	-0.47	0.52	mag	49.88	162.03	33.30	17.11	time	5
acc	-0.19	0.10	-0.47	0.52	mag	49.88	162.03	33.30	17.11	time	5
acc	-0.18	0.12	-0.45	0.50	mag	49.88	162.03	33.30	17.11	time	5
acc	-0.14	0.12	-0.40	0.44	mag	49.88	162.03	33.30	17.11	time	5
acc	-0.10	0.10	-0.38	0.40	mag	49.88	162.03	33.30	17.11	time	5
acc	-0.07	0.10	-0.37	0.39	mag	49.88	162.03	33.30	17.11	time	5
acc	-0.05	0.11	-0.38	0.40	mag	49.88	162.03	33.30	17.11	time	5
acc	-0.03	0.12	-0.38	0.40	mag	49.88	162.03	33.30	17.11	time	4
acc	-0.01	0.10	-0.38	0.39	mag	49.88	162.03	33.30	17.11	time	5
acc	0.02	0.08	-0.39	0.40	mag	49.88	162.03	33.30	17.11	time	4
acc	0.04	0.06	-0.39	0.39	mag	49.88	162.03	33.30	17.11	time	5
acc	0.04	0.04	-0.39	0.39	mag	49.88	162.03	33.30	17.11	time	5
acc	0.04	0.02	-0.40	0.40	mag	49.88	162.03	33.30	17.11	time	4
acc	0.03	-0.00	-0.37	0.37	mag	49.88	162.03	33.30	17.11	time	5
acc	0.03	-0.01	-0.34	0.34	mag	49.88	162.03	33.30	17.11	time	4
acc	0.05	-0.02	-0.33	0.33	mag	49.88	162.03	33.30	17.11	time	5
acc	0.05	-0.01	-0.29	0.29	mag	49.88	162.03	33.30	17.11	time	4
acc	0.07	0.03	-0.25	0.27	mag	49.88	162.03	33.30	17.11	time	5
acc	0.09	0.05	-0.23	0.25	mag	49.88	162.03	33.30	17.11	time	4
acc	0.12	0.07	-0.21	0.25	mag	49.88	162.03	33.30	17.11	time	4
acc	0.15	0.11	-0.20	0.28	mag	49.88	162.03	33.30	17.11	time	5
acc	0.18	0.13	-0.21	0.30	mag	46.31	170.37	31.01	15.21	time	4
acc	0.20	0.14	-0.21	0.32	mag	46.31	170.37	31.01	15.21	time	5
acc	0.22	0.15	-0.25	0.36	mag	46.31	170.37	31.01	15.21	time	5
acc	0.20	0.13	-0.22	0.32	mag	46.31	170.37	31.01	15.21	time	4
acc	0.17	0.12	-0.16	0.26	mag	46.31	170.37	31.01	15.21	time	5
acc	0.16	0.09	-0.19	0.26	mag	46.31	170.37	31.01	15.21	time	4
acc	0.19	0.06	-0.28	0.34	mag	46.31	170.37	31.01	15.21	time	5
acc	0.25	0.05	-0.37	0.45	mag	46.31	170.37	31.01	15.21	time	5
acc	0.32	0.07	-0.51	0.61	mag	46.31	170.37	31.01	15.21	time	4
acc	0.41	0.10	-0.66	0.79	mag	46.31	170.37	31.01	15.21	time	5
acc	0.47	0.12	-0.77	0.92	mag	46.31	170.37	31.01	15.21	time	5
acc	0.54	0.11	-0.86	1.03	mag	46.31	170.37	31.01	15.21	time	4
acc	0.57	0.10	-0.89	1.06	mag	46.31	170.37	31.01	15.21	time	5
acc	0.55	0.08	-0.91	1.07	mag	46.31	170.37	31.01	15.21	time	4
acc	0.50	0.05	-0.93	1.06	mag	46.31	170.37	31.01	15.21	time	5
acc	0.50	0.04	-0.96	1.08	mag	46.31	170.37	31.01	15.21	time	5
acc	0.50	0.01	-1.05	1.16	mag	46.31	170.37	31.01	15.21	time	4
acc	0.76	0.06	-1.31	1.52	mag	46.31	170.37	31.01	15.21	time	5
acc	0.81	0.09	-1.34	1.57	mag	46.31	170.37	31.01	15.21	time	4
acc	0.77	0.19	-1.34	1.56	mag	46.31	170.37	31.01	15.21	time	5
acc	0.77	0.17	-1.40	1.60	mag	46.31	170.37	31.01	15.21	time	5
acc	0.74	0.14	-1.43	1.62	mag	46.31	170.37	31.01	15.21	time	4
acc	0.61	0.10	-1.42	1.55	mag	46.31	170.37	31.01	15.21	time	5
acc	0.51	0.06	-1.41	1.50	mag	30.88	171.56	33.30	10.20	time	5
acc	0.39	0.02	-1.34	1.40	mag	30.88	171.56	33.30	10.20	time	4
acc	0.31	-0.04	-1.26	1.29	mag	30.88	171.56	33.30	10.20	time	5
acc	0.24	-0.08	-1.16	1.19	mag	30.88	171.56	33.30	10.20	time	4
acc	0.16	-0.11	-1.10	1.11	mag	30.88	171.56	33.30	10.20	time	5
acc	0.09	-0.14	-1.09	1.10	mag	30.88	171.56	33.30	10.20	time	4
acc	0.04	-0.16	-1.11	1.12	mag	30.88	171.56	33.30	10.20	time	5
acc	0.02	-0.16	-1.15	1.17	mag	30.88	171.56	33.30	10.20	time	4
acc	0.03	-0.16	-1.23	1.25	mag	30.88	171.56	33.30	10.20	time	5
acc	0.05	-0.15	-1.33	1.34	mag	30.88	171.56	33.30	10.20	time	5
acc	0.05	-0.14	-1.39	1.40	mag	30.88	171.56	33.30	10.20	time	5
acc	0.05	-0.11	-1.49	1.50	mag	30.88	171.56	33.30	10.20	time	5
acc	0.06	-0.08	-1.68	1.68	mag	30.88	171.56	33.30	10.20	time	5
acc	0.06	-0.06	-1.74	1.74	mag	30.88	171.56	33.30	10.20	time	5
acc	0.06	-0.04	-1.81	1.81	mag	30.88	171.56	33.30	10.20	time	5
acc	0.05	-0.01	-1.86	1.87	mag	30.88	171.56	33.30	10.20	time	5
acc	0.02	0.01	-1.92	1.92	mag	30.88	171.56	33.30	10.20	time	4
acc	-0.02	0.07	-1.88	1.89	mag	30.88	171.56	33.30	10.20	time	5
acc	-0.05	0.12	-1.83	1.83	mag	30.88	171.56	33.30	10.20	time	4
acc	-0.12	0.16	-1.72	1.74	mag	30.88	171.56	33.30	10.20	time	5
acc	-0.19	0.19	-1.63	1.65	mag	30.88	171.56	33.30	10.20	time	4
acc	-0.29	0.20	-1.54	1.58	mag	30.88	171.56	33.30	10.20	time	5
acc	-0.38	0.21	-1.46	1.52	mag	30.88	171.56	33.30	10.20	time	5
acc	-0.45	0.21	-1.36	1.44	mag	43.94	150.12	39.05	16.31	time	5
acc	-0.50	0.21	-1.26	1.37	mag	43.94	150.12	39.05	16.31	time	5
acc	-0.57	0.20	-1.18	1.32	mag	43.94	150.12	39.05	16.31	time	5
acc	-0.64	0.20	-1.14	1.32	mag	43.94	150.12	39.05	16.31	time	5
acc	-0.74	0.17	-1.10	1.33	mag	43.94	150.12	39.05	16.31	time	5
acc	-0.79	0.16	-1.08	1.35	mag	43.94	150.12	39.05	16.31	time	5
acc	-0.86	0.16	-1.02	1.34	mag	43.94	150.12	39.05	16.31	time	4
acc	-0.88	0.19	-1.01	1.36	mag	43.94	150.12	39.05	16.31	time	5
acc	-0.91	0.21	-0.99	1.36	mag	43.94	150.12	39.05	16.31	time	4
acc	-0.92	0.25	-1.00	1.38	mag	43.94	150.12	39.05	16.31	time	5
acc	-0.96	0.24	-0.85	1.31	mag	43.94	150.12	39.05	16.31	time	4
acc	-1.02	0.30	-0.80	1.33	mag	43.94	150.12	39.05	16.31	time	5
acc	-1.07	0.36	-0.77	1.36	mag	43.94	150.12	39.05	16.31	time	4
acc	-1.11	0.41	-0.74	1.39	mag	43.94	150.12	39.05	16.31	time	5
acc	-1.21	0.46	-0.63	1.44	mag	43.94	150.12	39.05	16.31	time	4
acc	-1.25	0.50	-0.57	1.46	mag	43.94	150.12	39.05	16.31	time	5
acc	-1.27	0.64	-0.47	1.50	mag	43.94	150.12	39.05	16.31	time	5
acc	-1.25	0.73	-0.35	1.49	mag	43.94	150.12	39.05	16.31	time	5
acc	-1.22	0.73	-0.27	1.45	mag	43.94	150.12	39.05	16.31	time	5
acc	-1.21	0.73	-0.24	1.44	mag	43.94	150.12	39.05	16.31	time	5
acc	-1.18	0.72	-0.23	1.40	mag	43.94	150.12	39.05	16.31	time	5
acc	-1.12	0.70	-0.22	1.34	mag	43.94	150.12	39.05	16.31	time	4
acc	-1.04	0.71	-0.22	1.28	mag	64.12	139.39	13.78	24.70	time	5
acc	-0.98	0.66	-0.21	1.21	mag	64.12	139.39	13.78	24.70	time	4
acc	-1.01	0.68	-0.15	1.23	mag	64.12	139.39	13.78	24.70	time	5
acc	-1.00	0.68	-0.11	1.21	mag	64.12	139.39	13.78	24.70	time	4
acc	-0.92	0.68	-0.16	1.15	mag	64.12	139.39	13.78	24.70	time	5
acc	-0.85	0.74	-0.20	1.15	mag	64.12	139.39	13.78	24.70	time	4
acc	-0.95	0.89	-0.12	1.30	mag	64.12	139.39	13.78	24.70	time	5
acc	-1.01	0.87	-0.06	1.34	mag	64.12	139.39	13.78	24.70	time	4
acc	-0.99	0.85	-0.06	1.30	mag	64.12	139.39	13.78	24.70	time	5
acc	-0.87	0.84	-0.12	1.22	mag	64.12	139.39	13.78	24.70	time	5
acc	-0.78	0.80	-0.17	1.13	mag	64.12	139.39	13.78	24.70	time	5
acc	-0.66	0.78	-0.21	1.04	mag	64.12	139.39	13.78	24.70	time	5
acc	-0.92	0.76	0.45	1.28	mag	64.12	139.39	13.78	24.70	time	4
acc	-0.41	0.65	-0.63	1.00	mag	64.12	139.39	13.78	24.70	time	5
acc	-0.50	0.74	-0.23	0.92	mag	64.12	139.39	13.78	24.70	time	4
acc	-0.54	0.69	-0.11	0.89	mag	64.12	139.39	13.78	24.70	time	5
acc	-0.55	0.63	-0.06	0.83	mag	64.12	139.39	13.78	24.70	time	4
acc	-0.51	0.56	-0.06	0.76	mag	64.12	139.39	13.78	24.70	time	5
acc	-0.44	0.49	-0.12	0.67	mag	64.12	139.39	13.78	24.70	time	4
acc	-0.39	0.47	-0.12	0.62	mag	64.12	139.39	13.78	24.70	time	5
acc	-0.37	0.45	-0.11	0.59	mag	64.12	139.39	13.78	24.70	time	4
acc	-0.35	0.39	-0.10	0.53	mag	64.12	139.39	13.78	24.70	time	5
acc	-0.35	0.33	-0.02	0.48	mag	64.12	139.39	13.78	24.70	time	5
acc	-0.32	0.31	-0.07	0.45	mag	72.44	138.20	-3.45	27.66	time	5
acc	-0.26	0.33	-0.12	0.44	mag	72.44	138.20	-3.45	27.66	time	5
acc	-0.21	0.35	-0.06	0.41	mag	72.44	138.20	-3.45	27.66	time	5
acc	-0.14	0.33	0.02	0.36	mag	72.44	138.20	-3.45	27.66	time	5
acc	-0.09	0.32	0.06	0.34	mag	72.44	138.20	-3.45	27.66	time	4
acc	-0.05	0.31	0.12	0.34	mag	72.44	138.20	-3.45	27.66	time	5
acc	0.00	0.29	0.19	0.35	mag	72.44	138.20	-3.45	27.66	time	4
acc	0.05	0.28	0.23	0.37	mag	72.44	138.20	-3.45	27.66	time	4
acc	0.09	0.26	0.29	0.40	mag	72.44	138.20	-3.45	27.66	time	5
acc	0.14	0.26	0.35	0.45	mag	72.44	138.20	-3.45	27.66	time	5
acc	0.16	0.26	0.38	0.49	mag	72.44	138.20	-3.45	27.66	time	4
acc	0.18	0.28	0.40	0.52	mag	72.44	138.20	-3.45	27.66	time	4
acc	0.18	0.27	0.40	0.52	mag	72.44	138.20	-3.45	27.66	time	5
acc	0.18	0.26	0.38	0.49	mag	72.44	138.20	-3.45	27.66	time	4
acc	0.13	0.27	0.38	0.48	mag	72.44	138.20	-3.45	27.66	time	4
acc	0.09	0.30	0.38	0.49	mag	72.44	138.20	-3.45	27.66	time	5
acc	0.04	0.33	0.44	0.55	mag	72.44	138.20	-3.45	27.66	time	5
acc	-0.05	0.37	0.49	0.61	mag	72.44	138.20	-3.45	27.66	time	4
acc	-0.12	0.41	0.51	0.66	mag	72.44	138.20	-3.45	27.66	time	5
acc	-0.15	0.42	0.49	0.66	mag	72.44	138.20	-3.45	27.66	time	4
acc	-0.17	0.42	0.47	0.65	mag	72.44	138.20	-3.45	27.66	time	5
acc	-0.14	0.41	0.42	0.60	mag	72.44	138.20	-3.45	27.66	time	5
acc	-0.09	0.41	0.40	0.58	mag	72.44	138.20	-3.45	27.66	time	4
acc	-0.04	0.41	0.39	0.57	mag	71.25	147.73	-33.30	25.75	time	5
acc	-0.01	0.43	0.41	0.59	mag	71.25	147.73	-33.30	25.75	time	4
acc	0.01	0.41	0.39	0.57	mag	71.25	147.73	-33.30	25.75	time	5
acc	0.03	0.42	0.43	0.60	mag	71.25	147.73	-33.30	25.75	time	5
acc	0.04	0.40	0.42	0.58	mag	71.25	147.73	-33.30	25.75	time	4
acc	0.05	0.42	0.34	0.54	mag	71.25	147.73	-33.30	25.75	time	5
acc	0.09	0.43	0.37	0.57	mag	71.25	147.73	-33.30	25.75	time	4
acc	0.10	0.44	0.46	0.64	mag	71.25	147.73	-33.30	25.75	time	4
acc	0.07	0.45	0.52	0.69	mag	71.25	147.73	-33.30	25.75	time	5
acc	0.03	0.47	0.56	0.73	mag	71.25	147.73	-33.30	25.75	time	4
acc	0.00	0.52	0.58	0.78	mag	71.25	147.73	-33.30	25.75	time	5
acc	-0.02	0.55	0.64	0.84	mag	71.25	147.73	-33.30	25.75	time	5
acc	-0.03	0.57	0.68	0.89	mag	71.25	147.73	-33.30	25.75	time	5
acc	-0.01	0.61	0.72	0.95	mag	71.25	147.73	-33.30	25.75	time	5
acc	-0.03	0.65	0.77	1.01	mag	71.25	147.73	-33.30	25.75	time	5
acc	-0.03	0.67	0.80	1.05	mag	71.25	147.73	-33.30	25.75	time	5
acc	-0.02	0.69	0.83	1.08	mag	71.25	147.73	-33.30	25.75	time	4
acc	-0.03	0.68	0.87	1.11	mag	71.25	147.73	-33.30	25.75	time	5
acc	-0.02	0.68	0.98	1.20	mag	71.25	147.73	-33.30	25.75	time	4
acc	-0.02	0.66	1.06	1.25	mag	71.25	147.73	-33.30	25.75	time	5
acc	-0.02	0.65	1.08	1.26	mag	71.25	147.73	-33.30	25.75	time	4
acc	-0.07	0.69	1.03	1.24	mag	71.25	147.73	-33.30	25.75	time	5
acc	-0.10	0.72	1.00	1.23	mag	71.25	147.73	-33.30	25.75	time	4
acc	-0.11	0.74	1.00	1.25	mag	70.06	159.65	-37.90	23.69	time	5
acc	-0.11	0.73	1.00	1.25	mag	70.06	159.65	-37.90	23.69	time	4
acc	-0.10	0.71	1.00	1.23	mag	70.06	159.65	-37.90	23.69	time	5
acc	-0.08	0.70	0.98	1.21	mag	70.06	159.65	-37.90	23.69	time	5
acc	-0.08	0.70	0.96	1.19	mag	70.06	159.65	-37.90	23.69	time	5
acc	-0.12	0.70	0.99	1.22	mag	70.06	159.65	-37.90	23.69	time	5
acc	-0.16	0.72	1.01	1.25	mag	70.06	159.65	-37.90	23.69	time	5
acc	-0.19	0.74	1.03	1.28	mag	70.06	159.65	-37.90	23.69	time	5
acc	-0.21	0.76	1.06	1.32	mag	70.06	159.65	-37.90	23.69	time	4
acc	-0.24	0.78	1.08	1.35	mag	70.06	159.65	-37.90	23.69	time	5
acc	-0.27	0.78	1.11	1.38	mag	70.06	159.65	-37.90	23.69	time	4
acc	-0.31	0.77	1.14	1.41	mag	70.06	159.65	-37.90	23.69	time	5
acc	-0.31	0.75	1.16	1.42	mag	70.06	159.65	-37.90	23.69	time	4
acc	-0.34	0.70	1.16	1.40	mag	70.06	159.65	-37.90	23.69	time	5
acc	-0.36	0.69	1.20	1.43	mag	70.06	159.65	-37.90	23.69	time	4
acc	-0.41	0.69	1.22	1.46	mag	70.06	159.65	-37.90	23.69	time	5
acc	-0.42	0.70	1.22	1.47	mag	70.06	159.65	-37.90	23.69	time	4
acc	-0.46	0.71	1.22	1.49	mag	70.06	159.65	-37.90	23.69	time	5
acc	-0.49	0.69	1.23	1.49	mag	70.06	159.65	-37.90	23.69	time	5
acc	-0.53	0.76	1.19	1.51	mag	70.06	159.65	-37.90	23.69	time	5
acc	-0.55	0.72	1.18	1.49	mag	70.06	159.65	-37.90	23.69	time	5
acc	-0.63	0.75	1.21	1.56	mag	70.06	159.65	-37.90	23.69	time	5
acc	-0.67	0.76	1.18	1.55	mag	70.06	159.65	-37.90	23.69	time	5
acc	-0.73	0.78	1.20	1.60	mag	70.06	159.65	-37.90	23.69	time	5
acc	-0.77	0.78	1.20	1.62	mag	70.06	159.65	-37.90	23.69	time	5
acc	-0.81	0.77	1.20	1.64	mag	70.06	159.65	-37.90	23.69	time	4
acc	-0.83	0.77	1.21	1.66	mag	70.06	159.65	-37.90	23.69	time	5
acc	-0.84	0.77	1.23	1.67	mag	70.06	159.65	-37.90	23.69	time	4
acc	-0.85	0.75	1.23	1.68	mag	70.06	159.65	-37.90	23.69	time	5
acc	-0.85	0.73	1.24	1.68	mag	70.06	159.65	-37.90	23.69	time	4
acc	-0.84	0.71	1.24	1.66	mag	70.06	159.65	-37.90	23.69	time	5
acc	-0.85	0.71	1.25	1.67	mag	70.06	159.65	-37.90	23.69	time	4
acc	-0.86	0.70	1.26	1.68	mag	70.06	159.65	-37.90	23.69	time	5
acc	-0.86	0.70	1.24	1.66	mag	70.06	159.65	-37.90	23.69	time	4
acc	-0.85	0.71	1.19	1.62	mag	70.06	159.65	-37.90	23.69	time	5
acc	-0.85	0.70	1.14	1.59	mag	70.06	159.65	-37.90	23.69	time	5
acc	-0.84	0.70	1.05	1.52	mag	70.06	159.65	-37.90	23.69	time	5
acc	-0.85	0.70	0.98	1.47	mag	70.06	159.65	-37.90	23.69	time	5
acc	-0.87	0.68	0.87	1.41	mag	70.06	159.65	-37.90	23.69	time	5
acc	-1.11	0.67	0.92	1.58	mag	70.06	159.65	-37.90	23.69	time	5
acc	-1.18	0.57	0.85	1.56	mag	70.06	159.65	-37.90	23.69	time	4
acc	-1.06	0.70	0.80	1.50	mag	70.06	159.65	-37.90	23.69	time	5
acc	-1.08	0.75	0.76	1.52	mag	70.06	159.65	-37.90	23.69	time	4
acc	-1.09	0.71	0.66	1.46	mag	70.06	159.65	-37.90	23.69	time	5
acc	-1.17	0.68	0.70	1.52	mag	70.06	159.65	-37.90	23.69	time	4
acc	-1.10	0.70	0.58	1.43	mag	61.75	120.33	-9.19	27.17	time	5
acc	-1.16	0.72	0.66	1.52	mag	61.75	120.33	-9.19	27.17	time	4
acc	-1.09	0.72	0.54	1.41	mag	61.75	120.33	-9.19	27.17	time	5
acc	-1.06	0.68	0.49	1.35	mag	61.75	120.33	-9.19	27.17	time	5
acc	-1.02	0.64	0.45	1.29	mag	61.75	120.33	-9.19	27.17	time	4
acc	-0.95	0.60	0.43	1.20	mag	61.75	120.33	-9.19	27.17	time	5
acc	-0.97	0.55	0.55	1.25	mag	61.75	120.33	-9.19	27.17	time	5
acc	-0.83	0.48	0.47	1.07	mag	61.75	120.33	-9.19	27.17	time	4
acc	-0.79	0.44	0.44	1.01	mag	61.75	120.33	-9.19	27.17	time	5
acc	-0.62	0.39	0.25	0.77	mag	61.75	120.33	-9.19	27.17	time	4
acc	-0.56	0.35	0.11	0.67	mag	61.75	120.33	-9.19	27.17	time	5
acc	-0.52	0.31	-0.01	0.61	mag	61.75	120.33	-9.19	27.17	time	5
acc	-0.50	0.28	-0.12	0.58	mag	61.75	120.33	-9.19	27.17	time	4
acc	-0.47	0.22	-0.21	0.56	mag	61.75	120.33	-9.19	27.17	time	5
acc	-0.41	0.21	-0.29	0.54	mag	61.75	120.33	-9.19	27.17	time	4
acc	-0.35	0.19	-0.36	0.54	mag	61.75	120.33	-9.19	27.17	time	5
acc	-0.29	0.17	-0.44	0.55	mag	61.75	120.33	-9.19	27.17	time	4
acc	-0.23	0.15	-0.51	0.58	mag	61.75	120.33	-9.19	27.17	time	5
acc	-0.17	0.10	-0.59	0.62	mag	61.75	120.33	-9.19	27.17	time	4
acc	-0.16	0.07	-0.62	0.65	mag	61.75	120.33	-9.19	27.17	time	5
acc	-0.13	0.03	-0.59	0.61	mag	61.75	120.33	-9.19	27.17	time	4
acc	-0.11	-0.01	-0.53	0.54	mag	61.75	120.33	-9.19	27.17	time	5
acc	-0.08	-0.05	-0.46	0.47	mag	61.75	120.33	-9.19	27.17	time	4
acc	-0.08	-0.05	-0.42	0.43	mag	42.75	137.01	32.16	17.33	time	5
acc	-0.04	-0.14	-0.39	0.42	mag	42.75	137.01	32.16	17.33	time	4
acc	0.02	-0.14	-0.40	0.42	mag	42.75	137.01	32.16	17.33	time	5
acc	0.07	-0.15	-0.41	0.44	mag	42.75	137.01	32.16	17.33	time	4
acc	0.12	-0.15	-0.46	0.49	mag	42.75	137.01	32.16	17.33	time	5
acc	0.17	-0.14	-0.46	0.51	mag	42.75	137.01	32.16	17.33	time	4
acc	0.20	-0.12	-0.46	0.52	mag	42.75	137.01	32.16	17.33	time	5
acc	0.26	-0.09	-0.51	0.58	mag	42.75	137.01	32.16	17.33	time	4
acc	0.23	-0.06	-0.45	0.51	mag	42.75	137.01	32.16	17.33	time	5
acc	0.25	-0.03	-0.51	0.57	mag	42.75	137.01	32.16	17.33	time	4
acc	0.27	-0.04	-0.60	0.67	mag	42.75	137.01	32.16	17.33	time	5
acc	0.32	-0.07	-0.75	0.82	mag	42.75	137.01	32.16	17.33	time	5
acc	0.35	-0.06	-0.80	0.87	mag	42.75	137.01	32.16	17.33	time	5
acc	0.39	-0.08	-0.87	0.95	mag	42.75	137.01	32.16	17.33	time	5
acc	0.39	-0.08	-0.89	0.97	mag	42.75	137.01	32.16	17.33	time	5
acc	0.40	-0.09	-0.97	1.05	mag	42.75	137.01	32.16	17.33	time	5
acc	0.40	-0.11	-1.01	1.09	mag	42.75	137.01	32.16	17.33	time	4
acc	0.40	-0.12	-1.01	1.09	mag	42.75	137.01	32.16	17.33	time	5
acc	0.38	-0.13	-0.99	1.07	mag	42.75	137.01	32.16	17.33	time	4
acc	0.38	-0.13	-0.91	1.00	mag	42.75	137.01	32.16	17.33	time	5
acc	0.37	-0.15	-0.78	0.87	mag	42.75	137.01	32.16	17.33	time	4
acc	0.36	-0.15	-0.70	0.80	mag	42.75	137.01	32.16	17.33	time	5
acc	0.37	-0.14	-0.61	0.73	mag	42.75	137.01	32.16	17.33	time	4
acc	0.37	-0.15	-0.60	0.72	mag	42.75	137.01	32.16	17.33	time	5
acc	0.39	-0.15	-0.59	0.73	mag	42.75	137.01	32.16	17.33	time	4
acc	0.40	-0.16	-0.65	0.78	mag	42.75	137.01	32.16	17.33	time	5
acc	0.42	-0.17	-0.75	0.88	mag	42.75	137.01	32.16	17.33	time	5
acc	0.40	-0.20	-0.86	0.97	mag	42.75	137.01	32.16	17.33	time	5
acc	0.39	-0.24	-0.97	1.07	mag	42.75	137.01	32.16	17.33	time	5
acc	0.37	-0.22	-1.07	1.15	mag	42.75	137.01	32.16	17.33	time	5
acc	0.26	-0.18	-1.16	1.20	mag	42.75	137.01	32.16	17.33	time	5
acc	0.19	-0.16	-1.20	1.22	mag	42.75	137.01	32.16	17.33	time	5
acc	0.14	-0.14	-1.21	1.22	mag	42.75	137.01	32.16	17.33	time	5
acc	0.09	-0.19	-1.20	1.22	mag	42.75	137.01	32.16	17.33	time	4
acc	0.06	-0.20	-1.20	1.22	mag	42.75	137.01	32.16	17.33	time	5
acc	0.01	-0.22	-1.18	1.20	mag	42.75	137.01	32.16	17.33	time	4
acc	0.02	-0.25	-1.18	1.21	mag	42.75	137.01	32.16	17.33	time	5
acc	0.00	-0.29	-1.14	1.17	mag	42.75	137.01	32.16	17.33	time	4
acc	0.02	-0.32	-1.11	1.16	mag	42.75	137.01	32.16	17.33	time	5
acc	0.07	-0.26	-1.15	1.18	mag	42.75	137.01	32.16	17.33	time	4
acc	0.46	-0.32	-1.84	1.92	mag	42.75	137.01	32.16	17.33	time	5
acc	0.18	-0.30	-1.35	1.39	mag	42.75	137.01	32.16	17.33	time	4
acc	0.12	-0.32	-1.18	1.23	mag	42.75	137.01	32.16	17.33	time	5
acc	0.02	-0.36	-1.04	1.10	mag	42.75	137.01	32.16	17.33	time	5
acc	0.06	-0.38	-1.21	1.27	mag	42.75	137.01	32.16	17.33	time	5
acc	0.10	-0.41	-1.31	1.37	mag	28.50	171.56	41.34	9.43	time	5
acc	0.11	-0.39	-1.34	1.40	mag	28.50	171.56	41.34	9.43	time	4
acc	0.10	-0.36	-1.40	1.45	mag	28.50	171.56	41.34	9.43	time	5
acc	0.08	-0.34	-1.42	1.46	mag	28.50	171.56	41.34	9.43	time	4
acc	0.07	-0.33	-1.40	1.44	mag	28.50	171.56	41.34	9.43	time	5
acc	0.02	-0.30	-1.36	1.39	mag	28.50	171.56	41.34	9.43	time	5
acc	0.00	-0.28	-1.34	1.37	mag	28.50	171.56	41.34	9.43	time	4
acc	-0.05	-0.23	-1.34	1.36	mag	28.50	171.56	41.34	9.43	time	5
acc	-0.06	-0.20	-1.35	1.37	mag	28.50	171.56	41.34	9.43	time	4
acc	-0.09	-0.18	-1.32	1.34	mag	28.50	171.56	41.34	9.43	time	5
acc	-0.13	-0.16	-1.32	1.34	mag	28.50	171.56	41.34	9.43	time	5
acc	-0.25	-0.12	-1.29	1.31	mag	28.50	171.56	41.34	9.43	time	5
acc	-0.33	-0.07	-1.24	1.28	mag	28.50	171.56	41.34	9.43	time	5
acc	-0.38	-0.05	-1.20	1.26	mag	28.50	171.56	41.34	9.43	time	5
acc	-0.45	0.00	-1.17	1.25	mag	28.50	171.56	41.34	9.43	time	5
acc	-0.50	0.03	-1.14	1.25	mag	28.50	171.56	41.34	9.43	time	4
acc	-0.54	0.05	-1.14	1.26	mag	28.50	171.56	41.34	9.43	time	5
acc	-0.57	0.06	-1.12	1.26	mag	28.50	171.56	41.34	9.43	time	5
acc	-0.63	0.07	-1.09	1.26	mag	28.50	171.56	41.34	9.43	time	4
acc	-0.70	0.06	-1.07	1.28	mag	28.50	171.56	41.34	9.43	time	5
acc	-0.77	0.06	-1.02	1.28	mag	28.50	171.56	41.34	9.43	time	4
acc	-0.83	0.06	-1.00	1.30	mag	28.50	171.56	41.34	9.43	time	5
acc	-0.84	0.09	-1.00	1.31	mag	28.50	171.56	41.34	9.43	time	5
acc	-0.81	0.13	-1.02	1.31	mag	41.56	163.22	39.05	14.29	time	4
acc	-0.77	0.16	-1.05	1.31	mag	41.56	163.22	39.05	14.29	time	5
acc	-0.73	0.14	-1.05	1.29	mag	41.56	163.22	39.05	14.29	time	4
acc	-0.69	0.17	-1.07	1.28	mag	41.56	163.22	39.05	14.29	time	5
acc	-0.65	0.19	-1.08	1.27	mag	41.56	163.22	39.05	14.29	time	4
acc	-0.62	0.20	-1.06	1.24	mag	41.56	163.22	39.05	14.29	time	5
acc	-0.60	0.21	-1.04	1.22	mag	41.56	163.22	39.05	14.29	time	4
acc	-0.59	0.22	-1.00	1.18	mag	41.56	163.22	39.05	14.29	time	5
acc	-0.58	0.23	-0.98	1.16	mag	41.56	163.22	39.05	14.29	time	4
acc	-0.57	0.24	-0.98	1.16	mag	41.56	163.22	39.05	14.29	time	5
acc	-0.54	0.25	-0.97	1.14	mag	41.56	163.22	39.05	14.29	time	5
acc	-0.51	0.29	-0.97	1.13	mag	41.56	163.22	39.05	14.29	time	5
acc	-0.48	0.31	-0.95	1.11	mag	41.56	163.22	39.05	14.29	time	5
acc	-0.46	0.37	-0.93	1.10	mag	41.56	163.22	39.05	14.29	time	5
acc	-0.45	0.44	-0.95	1.14	mag	41.56	163.22	39.05	14.29	time	5
acc	-0.48	0.50	-0.91	1.14	mag	41.56	163.22	39.05	14.29	time	5
acc	-0.49	0.52	-0.87	1.13	mag	41.56	163.22	39.05	14.29	time	5
acc	-0.53	0.48	-0.81	1.09	mag	41.56	163.22	39.05	14.29	time	4
acc	-0.56	0.42	-0.79	1.06	mag	41.56	163.22	39.05	14.29	time	5
acc	-0.59	0.35	-0.75	1.01	mag	41.56	163.22	39.05	14.29	time	4
acc	-0.58	0.29	-0.77	1.01	mag	41.56	163.22	39.05	14.29	time	5
acc	-0.54	0.26	-0.79	1.00	mag	41.56	163.22	39.05	14.29	time	4
acc	-0.50	0.26	-0.82	0.99	mag	41.56	163.22	39.05	14.29	time	5
acc	-0.46	0.25	-0.85	0.99	mag	47.50	167.99	37.90	15.79	time	4
acc	-0.43	0.23	-0.85	0.98	mag	47.50	167.99	37.90	15.79	time	5
acc	-0.38	0.21	-0.87	0.98	mag	47.50	167.99	37.90	15.79	time	4
acc	-0.37	0.18	-0.85	0.94	mag	47.50	167.99	37.90	15.79	time	5
acc	-0.33	0.16	-0.85	0.93	mag	47.50	167.99	37.90	15.79	time	5
acc	-0.27	0.16	-0.87	0.93	mag	47.50	167.99	37.90	15.79	time	5
acc	-0.22	0.18	-0.84	0.89	mag	47.50	167.99	37.90	15.79	time	5
acc	-0.16	0.21	-0.80	0.84	mag	47.50	167.99	37.90	15.79	time	5
acc	-0.13	0.23	-0.74	0.79	mag	47.50	167.99	37.90	15.79	time	5
acc	-0.13	0.21	-0.64	0.69	mag	47.50	167.99	37.90	15.79	time	4
acc	-0.14	0.21	-0.60	0.65	mag	47.50	167.99	37.90	15.79	time	5
acc	-0.18	0.16	-0.54	0.59	mag	47.50	167.99	37.90	15.79	time	4
acc	-0.21	0.11	-0.49	0.54	mag	47.50	167.99	37.90	15.79	time	5
acc	-0.20	0.06	-0.50	0.54	mag	47.50	167.99	37.90	15.79	time	4
acc	-0.24	0.02	-0.43	0.49	mag	47.50	167.99	37.90	15.79	time	5
acc	-0.23	-0.02	-0.46	0.52	mag	47.50	167.99	37.90	15.79	time	4
acc	-0.21	-0.06	-0.45	0.50	mag	47.50	167.99	37.90	15.79	time	5
acc	-0.17	-0.11	-0.49	0.53	mag	47.50	167.99	37.90	15.79	time	4
acc	-0.08	-0.09	-0.57	0.58	mag	47.50	167.99	37.90	15.79	time	5
acc	-0.01	-0.07	-0.62	0.62	mag	47.50	167.99	37.90	15.79	time	5
acc	0.02	-0.07	-0.61	0.61	mag	47.50	167.99	37.90	15.79	time	5
acc	0.07	-0.15	-0.63	0.65	mag	47.50	167.99	37.90	15.79	time	5
acc	0.09	-0.19	-0.61	0.65	mag	36.81	172.75	43.64	12.03	time	5
acc	0.08	-0.28	-0.52	0.59	mag	36.81	172.75	43.64	12.03	time	4
acc	0.12	-0.23	-0.51	0.57	mag	36.81	172.75	43.64	12.03	time	5
acc	0.17	-0.16	-0.50	0.55	mag	36.81	172.75	43.64	12.03	time	4
acc	0.22	-0.15	-0.55	0.61	mag	36.81	172.75	43.64	12.03	time	5
acc	0.28	-0.24	-0.67	0.76	mag	36.81	172.75	43.64	12.03	time	4
acc	0.32	-0.21	-0.77	0.86	mag	36.81	172.75	43.64	12.03	time	5
acc	0.37	-0.20	-0.83	0.94	mag	36.81	172.75	43.64	12.03	time	4
acc	0.41	-0.20	-0.86	0.97	mag	36.81	172.75	43.64	12.03	time	5
acc	0.45	-0.16	-0.88	1.00	mag	36.81	172.75	43.64	12.03	time	4
acc	0.47	-0.08	-0.87	1.00	mag	36.81	172.75	43.64	12.03	time	5
acc	0.51	0.08	-0.93	1.07	mag	36.81	172.75	43.64	12.03	time	5
acc	-4.84	4.56	4.15	7.84	mag	36.81	172.75	43.64	12.03	time	4
acc	2.85	0.15	-6.29	6.90	mag	36.81	172.75	43.64	12.03	time	5
acc	0.29	1.05	-3.92	4.07	mag	36.81	172.75	43.64	12.03	time	4
acc	1.24	-0.03	-2.12	2.46	mag	36.81	172.75	43.64	12.03	time	5
acc	0.31	-0.10	-1.30	1.34	mag	36.81	172.75	43.64	12.03	time	5
acc	0.03	0.04	-0.81	0.81	mag	36.81	172.75	43.64	12.03	time	5
acc	0.02	0.19	-0.46	0.50	mag	36.81	172.75	43.64	12.03	time	5
acc	0.01	0.43	-0.29	0.51	mag	36.81	172.75	43.64	12.03	time	4
acc	0.06	0.52	-0.51	0.73	mag	36.81	172.75	43.64	12.03	time	5
acc	0.04	0.48	-0.70	0.85	mag	36.81	172.75	43.64	12.03	time	5
acc	-0.35	0.46	-0.50	0.76	mag	36.81	172.75	43.64	12.03	time	5
acc	-0.09	0.24	-0.78	0.82	mag	34.44	194.20	43.64	10.06	time	5
acc	-0.27	0.24	-0.52	0.64	mag	34.44	194.20	43.64	10.06	time	4
acc	-0.18	0.24	-0.55	0.62	mag	34.44	194.20	43.64	10.06	time	5
acc	-0.23	0.42	-1.13	1.23	mag	34.44	194.20	43.64	10.06	time	4
acc	-0.14	0.29	-1.13	1.18	mag	34.44	194.20	43.64	10.06	time	5
acc	-0.04	0.24	-1.34	1.36	mag	34.44	194.20	43.64	10.06	time	4
acc	-0.18	0.16	-1.16	1.18	mag	34.44	194.20	43.64	10.06	time	5
acc	-0.07	0.13	-1.25	1.26	mag	34.44	194.20	43.64	10.06	time	4
acc	-0.10	0.20	-1.16	1.18	mag	34.44	194.20	43.64	10.06	time	5
acc	-0.05	0.21	-1.07	1.09	mag	34.44	194.20	43.64	10.06	time	4
acc	0.02	0.16	-0.62	0.64	mag	34.44	194.20	43.64	10.06	time	5
acc	-0.02	0.01	-0.62	0.62	mag	34.44	194.20	43.64	10.06	time	5
acc	0.05	0.08	-0.64	0.65	mag	34.44	194.20	43.64	10.06	time	4
acc	-0.05	0.01	-0.91	0.91	mag	34.44	194.20	43.64	10.06	time	5
acc	-0.18	0.03	-1.82	1.83	mag	34.44	194.20	43.64	10.06	time	4
acc	-0.21	0.06	-2.05	2.06	mag	34.44	194.20	43.64	10.06	time	5
acc	0.04	0.07	-1.03	1.03	mag	34.44	194.20	43.64	10.06	time	4
acc	0.05	0.08	-0.80	0.81	mag	34.44	194.20	43.64	10.06	time	5
acc	0.30	-0.02	-1.30	1.33	mag	34.44	194.20	43.64	10.06	time	5
acc	0.28	0.00	-1.13	1.17	mag	34.44	194.20	43.64	10.06	time	4
acc	0.07	-0.00	-0.46	0.47	mag	34.44	194.20	43.64	10.06	time	5
acc	0.06	-0.01	-0.30	0.30	mag	34.44	194.20	43.64	10.06	time	4
acc	0.06	0.01	-0.37	0.38	mag	34.44	194.20	43.64	10.06	time	5
acc	0.09	0.06	-0.48	0.49	mag	22.56	209.69	29.86	6.14	time	4
acc	0.04	0.08	-0.52	0.53	mag	22.56	209.69	29.86	6.14	time	4
acc	-5.69	-2.11	1.31	6.21	mag	22.56	209.69	29.86	6.14	time	5
acc	-1.16	-1.03	-2.98	3.36	mag	22.56	209.69	29.86	6.14	time	4
acc	0.04	-0.03	-0.61	0.61	mag	22.56	209.69	29.86	6.14	time	5
acc	-0.46	-0.03	0.43	0.63	mag	22.56	209.69	29.86	6.14	time	5
acc	-0.78	-0.03	0.74	1.08	mag	22.56	209.69	29.86	6.14	time	4
acc	0.01	0.01	-0.49	0.49	mag	22.56	209.69	29.86	6.14	time	5
acc	-0.14	-0.06	-0.96	0.97	mag	22.56	209.69	29.86	6.14	time	5
acc	0.20	0.06	-1.58	1.59	mag	22.56	209.69	29.86	6.14	time	4
acc	-0.03	-0.05	-1.09	1.10	mag	22.56	209.69	29.86	6.14	time	5
acc	-0.13	-0.03	-0.75	0.76	mag	22.56	209.69	29.86	6.14	time	4
acc	-0.07	-0.04	-1.01	1.01	mag	22.56	209.69	29.86	6.14	time	5
acc	0.03	0.01	-1.10	1.10	mag	22.56	209.69	29.86	6.14	time	4
acc	-0.06	-0.02	-0.89	0.89	mag	22.56	209.69	29.86	6.14	time	5
acc	-0.06	-0.02	-0.92	0.92	mag	22.56	209.69	29.86	6.14	time	5
acc	-0.01	-0.01	-1.04	1.04	mag	22.56	209.69	29.86	6.14	time	5
acc	-0.03	-0.01	-0.96	0.96	mag	22.56	209.69	29.86	6.14	time	5
acc	-0.05	-0.01	-0.94	0.94	mag	22.56	209.69	29.86	6.14	time	4
acc	-0.03	-0.01	-1.00	1.00	mag	22.56	209.69	29.86	6.14	time	5
acc	-0.03	-0.01	-0.97	0.97	mag	22.56	209.69	29.86	6.14	time	4
acc	-0.04	-0.00	-0.93	0.93	mag	22.56	209.69	29.86	6.14	time	5
acc	-0.03	-0.01	-1.00	1.00	mag	22.56	209.69	29.86	6.14	time	4
acc	-0.04	-0.01	-0.98	0.99	mag	19.00	214.45	24.12	5.06	time	5
acc	-0.04	-0.01	-0.96	0.96	mag	19.00	214.45	24.12	5.06	time	4
acc	-0.03	-0.01	-1.00	1.00	mag	19.00	214.45	24.12	5.06	time	5
acc	-0.04	-0.01	-0.97	0.97	mag	19.00	214.45	24.12	5.06	time	4
acc	-0.04	-0.01	-0.94	0.94	mag	19.00	214.45	24.12	5.06	time	5
acc	-0.03	-0.01	-0.98	0.98	mag	19.00	214.45	24.12	5.06	time	5
acc	-0.04	-0.01	-0.97	0.97	mag	19.00	214.45	24.12	5.06	time	5
acc	-0.04	-0.01	-0.96	0.96	mag	19.00	214.45	24.12	5.06	time	5
acc	-0.03	-0.01	-0.98	0.98	mag	19.00	214.45	24.12	5.06	time	5
acc	-0.04	-0.01	-0.97	0.97	mag	19.00	214.45	24.12	5.06	time	5
acc	-0.03	-0.01	-0.97	0.97	mag	19.00	214.45	24.12	5.06	time	5
acc	-0.03	-0.01	-0.97	0.97	mag	19.00	214.45	24.12	5.06	time	5
acc	-0.03	-0.01	-0.97	0.97	mag	19.00	214.45	24.12	5.06	time	4
acc	-0.04	-0.01	-0.98	0.98	mag	19.00	214.45	24.12	5.06	time	5
acc	-0.04	-0.01	-0.96	0.97	mag	19.00	214.45	24.12	5.06	time	4
acc	-0.03	-0.01	-0.98	0.98	mag	19.00	214.45	24.12	5.06	time	5
acc	-0.03	-0.01	-0.97	0.97	mag	19.00	214.45	24.12	5.06	time	4
acc	-0.04	-0.01	-0.96	0.96	mag	19.00	214.45	24.12	5.06	time	5
acc	-0.04	-0.01	-0.96	0.96	mag	19.00	214.45	24.12	5.06	time	4
acc	-0.03	-0.01	-0.98	0.98	mag	19.00	214.45	24.12	5.06	time	5
acc	-0.04	-0.01	-0.97	0.97	mag	19.00	214.45	24.12	5.06	time	4
acc	-0.03	-0.01	-0.98	0.98	mag	19.00	214.45	24.12	5.06	time	5
acc	-0.03	-0.01	-0.97	0.97	mag	20.19	212.07	25.27	5.44	time	5
acc	-0.04	-0.01	-0.97	0.97	mag	20.19	212.07	25.27	5.44	time	5
acc	-0.03	-0.01	-0.98	0.98	mag	20.19	212.07	25.27	5.44	time	5
acc	-0.04	-0.01	-0.97	0.97	mag	20.19	212.07	25.27	5.44	time	5
acc	-0.04	-0.01	-0.97	0.97	mag	20.19	212.07	25.27	5.44	time	5
acc	-0.04	-0.02	-0.98	0.98	mag	20.19	212.07	25.27	5.44	time	4
acc	-0.03	-0.01	-0.97	0.97	mag	20.19	212.07	25.27	5.44	time	5
acc	-0.03	-0.01	-0.97	0.97	mag	20.19	212.07	25.27	5.44	time	4
acc	-0.04	-0.01	-0.96	0.96	mag	20.19	212.07	25.27	5.44	time	5
acc	-0.03	-0.01	-0.97	0.97	mag	20.19	212.07	25.27	5.44	time	4
acc	-0.04	-0.01	-0.97	0.97	mag	20.19	212.07	25.27	5.44	time	5
acc	-0.04	-0.01	-0.97	0.97	mag	20.19	212.07	25.27	5.44	time	4
acc	-0.03	-0.01	-0.98	0.98	mag	20.19	212.07	25.27	5.44	time	5
acc	-0.03	-0.01	-0.97	0.97	mag	20.19	212.07	25.27	5.44	time	4
acc	-0.04	-0.01	-0.96	0.96	mag	20.19	212.07	25.27	5.44	time	5
acc	-0.04	-0.01	-0.96	0.96	mag	20.19	212.07	25.27	5.44	time	5
acc	-0.04	-0.01	-0.98	0.98	mag	20.19	212.07	25.27	5.44	time	5
acc	-0.04	-0.01	-0.96	0.96	mag	20.19	212.07	25.27	5.44	time	5
acc	-0.04	-0.01	-0.97	0.97	mag	20.19	212.07	25.27	5.44	time	5
acc	-0.04	-0.01	-0.98	0.98	mag	20.19	212.07	25.27	5.44	time	5
acc	-0.03	-0.01	-0.97	0.97	mag	20.19	212.07	25.27	5.44	time	5
acc	-0.04	-0.01	-0.97	0.97	mag	20.19	212.07	25.27	5.44	time	5
acc	-0.04	-0.01	-0.97	0.97	mag	20.19	212.07	25.27	5.44	time	4
acc	-0.04	-0.01	-0.98	0.98	mag	17.81	213.26	21.82	4.77	time	5
acc	-0.04	-0.01	-0.97	0.97	mag	17.81	213.26	21.82	4.77	time	4
acc	-0.03	-0.01	-0.97	0.98	mag	17.81	213.26	21.82	4.77	time	5
acc	-0.04	-0.01	-0.97	0.97	mag	17.81	213.26	21.82	4.77	time	4
acc	-0.04	-0.01	-0.98	0.98	mag	17.81	213.26	21.82	4.77	time	5
acc	-0.04	-0.01	-0.97	0.97	mag	17.81	213.26	21.82	4.77	time	4
acc	-0.03	-0.01	-0.98	0.98	mag	17.81	213.26	21.82	4.77	time	5
acc	-0.03	-0.01	-0.97	0.97	mag	17.81	213.26	21.82	4.77	time	4
acc	-0.04	-0.01	-0.96	0.96	mag	17.81	213.26	21.82	4.77	time	5
acc	-0.03	-0.01	-0.97	0.97	mag	17.81	213.26	21.82	4.77	time	5
acc	-0.03	-0.01	-0.97	0.97	mag	17.81	213.26	21.82	4.77	time	5
acc	-0.04	-0.01	-0.98	0.98	mag	17.81	213.26	21.82	4.77	time	5
acc	-0.04	-0.01	-0.97	0.97	mag	17.81	213.26	21.82	4.77	time	5
acc	-0.04	-0.01	-0.97	0.97	mag	17.81	213.26	21.82	4.77	time	5
acc	-0.03	-0.01	-0.97	0.97	mag	17.81	213.26	21.82	4.77	time	4
acc	-0.03	-0.01	-0.96	0.96	mag	17.81	213.26	21.82	4.77	time	5
acc	-0.04	-0.01	-0.97	0.97	mag	17.81	213.26	21.82	4.77	time	4
acc	-0.04	-0.01	-0.98	0.98	mag	17.81	213.26	21.82	4.77	time	5
acc	-0.04	-0.01	-0.97	0.97	mag	17.81	213.26	21.82	4.77	time	4
acc	-0.03	-0.01	-0.97	0.97	mag	17.81	213.26	21.82	4.77	time	5
acc	-0.04	-0.01	-0.95	0.95	mag	17.81	213.26	21.82	4.77	time	4
acc	-0.03	-0.01	-0.98	0.98	mag	17.81	213.26	21.82	4.77	time	5
acc	-0.04	-0.01	-0.97	0.97	mag	17.81	213.26	21.82	4.77	time	4
acc	-0.04	-0.01	-0.98	0.98	mag	17.81	213.26	21.82	4.77	time	5
acc	-0.03	-0.02	-0.97	0.97	mag	17.81	213.26	21.82	4.77	time	5
acc	-0.04	-0.01	-0.96	0.96	mag	17.81	213.26	21.82	4.77	time	5
acc	-0.03	-0.01	-0.99	0.99	mag	17.81	213.26	21.82	4.77	time	5
acc	-0.04	-0.01	-0.97	0.97	mag	17.81	213.26	21.82	4.77	time	5
acc	-0.04	-0.01	-0.96	0.96	mag	17.81	213.26	21.82	4.77	time	5
acc	-0.03	-0.01	-0.99	0.99	mag	17.81	213.26	21.82	4.77	time	5
acc	-0.04	-0.01	-0.98	0.98	mag	17.81	213.26	21.82	4.77	time	5
acc	-0.03	-0.01	-0.96	0.96	mag	17.81	213.26	21.82	4.77	time	4
acc	-0.04	-0.01	-0.95	0.95	mag	17.81	213.26	21.82	4.77	time	5
acc	-0.03	-0.01	-0.99	0.99	mag	17.81	213.26	21.82	4.77	time	4
acc	-0.04	-0.01	-0.98	0.98	mag	17.81	213.26	21.82	4.77	time	5
acc	-0.04	-0.01	-0.97	0.97	mag	17.81	213.26	21.82	4.77	time	4
acc	-0.03	-0.01	-0.98	0.98	mag	17.81	213.26	21.82	4.77	time	5
acc	-0.04	-0.01	-0.96	0.96	mag	17.81	213.26	21.82	4.77	time	4
acc	-0.03	-0.01	-0.97	0.97	mag	17.81	213.26	21.82	4.77	time	5
acc	-0.03	-0.01	-0.97	0.97	mag	17.81	213.26	21.82	4.77	time	4
acc	-0.04	-0.01	-0.97	0.97	mag	17.81	213.26	21.82	4.77	time	5
acc	-0.04	-0.01	-0.98	0.98	mag	17.81	213.26	21.82	4.77	time	5
acc	-0.03	-0.01	-0.98	0.98	mag	17.81	213.26	21.82	4.77	time	5
acc	-0.03	-0.01	-0.94	0.95	mag	17.81	213.26	21.82	4.77	time	5
acc	-0.04	-0.01	-0.95	0.96	mag	17.81	213.26	21.82	4.77	time	5
acc	-0.02	-0.01	-1.00	1.00	mag	16.62	210.88	22.97	4.51	time	5
acc	-0.04	-0.01	-0.97	0.97	mag	16.62	210.88	22.97	4.51	time	4
acc	-0.04	-0.01	-0.97	0.97	mag	16.62	210.88	22.97	4.51	time	5
acc	-0.02	-0.01	-1.01	1.01	mag	16.62	210.88	22.97	4.51	time	4
acc	-0.04	-0.01	-0.95	0.95	mag	16.62	210.88	22.97	4.51	time	5
acc	-0.04	-0.01	-0.94	0.94	mag	16.62	210.88	22.97	4.51	time	4
acc	-0.02	-0.01	-0.99	0.99	mag	16.62	210.88	22.97	4.51	time	5
acc	-0.03	-0.01	-0.95	0.95	mag	16.62	210.88	22.97	4.51	time	4
acc	-0.07	-0.02	-0.88	0.88	mag	16.62	210.88	22.97	4.51	time	5
acc	-0.01	-0.02	-1.12	1.12	mag	16.62	210.88	22.97	4.51	time	4
acc	0.00	-0.01	-1.06	1.06	mag	16.62	210.88	22.97	4.51	time	5
acc	-0.08	0.00	-0.82	0.82	mag	16.62	210.88	22.97	4.51	time	5
acc	-0.02	-0.01	-1.00	1.00	mag	16.62	210.88	22.97	4.51	time	4
acc	-0.03	-0.01	-1.00	1.00	mag	16.62	210.88	22.97	4.51	time	5
acc	-0.07	-0.01	-0.88	0.88	mag	16.62	210.88	22.97	4.51	time	4
acc	-0.02	-0.01	-1.03	1.03	mag	16.62	210.88	22.97	4.51	time	5
acc	-0.02	-0.01	-1.03	1.03	mag	16.62	210.88	22.97	4.51	time	4
acc	-0.04	-0.01	-0.93	0.93	mag	16.62	210.88	22.97	4.51	time	5
acc	-0.03	-0.01	-0.98	0.98	mag	16.62	210.88	22.97	4.51	time	4
acc	-0.02	-0.01	-0.98	0.98	mag	16.62	210.88	22.97	4.51	time	5
acc	-0.05	-0.01	-0.90	0.91	mag	16.62	210.88	22.97	4.51	time	4
acc	-0.03	-0.02	-1.01	1.01	mag	16.62	210.88	22.97	4.51	time	5
acc	-0.02	-0.02	-0.99	0.99	mag	16.62	210.88	22.97	4.51	time	5
acc	-0.05	-0.01	-0.93	0.93	mag	16.62	214.45	21.82	4.43	time	5
acc	-0.03	-0.02	-1.00	1.00	mag	16.62	214.45	21.82	4.43	time	5
acc	-0.04	-0.01	-0.97	0.97	mag	16.62	214.45	21.82	4.43	time	5
acc	-0.04	-0.01	-0.96	0.96	mag	16.62	214.45	21.82	4.43	time	5
acc	-0.03	-0.01	-0.98	0.98	mag	16.62	214.45	21.82	4.43	time	4
acc	-0.04	-0.01	-0.98	0.98	mag	16.62	214.45	21.82	4.43	time	5
acc	-0.03	-0.01	-1.00	1.00	mag	16.62	214.45	21.82	4.43	time	4
acc	-0.04	-0.01	-0.97	0.97	mag	16.62	214.45	21.82	4.43	time	5
acc	-0.04	-0.01	-0.96	0.96	mag	16.62	214.45	21.82	4.43	time	4
acc	-0.05	-0.01	-0.95	0.95	mag	16.62	214.45	21.82	4.43	time	5
acc	-0.03	-0.01	-1.00	1.00	mag	16.62	214.45	21.82	4.43	time	4
acc	-0.04	-0.01	-0.97	0.97	mag	16.62	214.45	21.82	4.43	time	5
acc	-0.04	-0.01	-0.95	0.95	mag	16.62	214.45	21.82	4.43	time	4
acc	-0.02	-0.01	-1.00	1.00	mag	16.62	214.45	21.82	4.43	time	5
acc	-0.03	-0.01	-0.96	0.96	mag	16.62	214.45	21.82	4.43	time	5
acc	0.17	-0.08	-1.00	1.02	mag	16.62	214.45	21.82	4.43	time	5
acc	-1.72	0.19	0.84	1.93	mag	16.62	214.45	21.82	4.43	time	5
acc	0.35	0.08	-2.37	2.39	mag	16.62	214.45	21.82	4.43	time	4
acc	0.09	-0.09	-1.88	1.88	mag	16.62	214.45	21.82	4.43	time	5
acc	-0.11	-0.02	-0.38	0.39	mag	16.62	214.45	21.82	4.43	time	5
acc	-0.14	-0.03	-0.46	0.48	mag	16.62	214.45	21.82	4.43	time	4
acc	0.04	-0.06	-1.06	1.06	mag	16.62	214.45	21.82	4.43	time	5
acc	0.11	-0.03	-1.24	1.24	mag	16.62	214.45	21.82	4.43	time	4
acc	-0.05	-0.06	-0.69	0.70	mag	19.00	212.07	21.82	5.12	time	5
acc	-0.13	-0.02	-0.85	0.86	mag	19.00	212.07	21.82	5.12	time	5
acc	0.05	-0.02	-1.28	1.29	mag	19.00	212.07	21.82	5.12	time	5
acc	-0.05	-0.00	-0.96	0.96	mag	19.00	212.07	21.82	5.12	time	5
acc	-0.09	0.00	-0.77	0.77	mag	19.00	212.07	21.82	5.12	time	4
acc	-0.04	0.03	-0.99	0.99	mag	19.00	212.07	21.82	5.12	time	5
acc	-0.05	0.02	-1.01	1.01	mag	19.00	212.07	21.82	5.12	time	4
acc	-0.07	0.02	-0.96	0.97	mag	19.00	212.07	21.82	5.12	time	5
acc	-0.08	0.01	-1.00	1.01	mag	19.00	212.07	21.82	5.12	time	5
acc	-0.04	0.01	-1.05	1.05	mag	19.00	212.07	21.82	5.12	time	4
acc	-0.09	0.01	-0.90	0.90	mag	19.00	212.07	21.82	5.12	time	5
acc	-0.06	0.00	-0.99	0.99	mag	19.00	212.07	21.82	5.12	time	5
acc	-0.02	-0.01	-0.99	0.99	mag	19.00	212.07	21.82	5.12	time	5
acc	-0.07	-0.01	-0.87	0.88	mag	19.00	212.07	21.82	5.12	time	5
acc	-0.01	-0.02	-1.04	1.04	mag	19.00	212.07	21.82	5.12	time	4
acc	-0.03	-0.03	-1.00	1.00	mag	19.00	212.07	21.82	5.12	time	5
acc	-0.03	-0.03	-0.93	0.94	mag	19.00	212.07	21.82	5.12	time	4
acc	-0.00	-0.03	-0.97	0.97	mag	19.00	212.07	21.82	5.12	time	5
acc	-0.02	-0.02	-0.94	0.94	mag	19.00	212.07	21.82	5.12	time	4
acc	-0.02	-0.02	-0.97	0.97	mag	19.00	212.07	21.82	5.12	time	5
acc	-0.03	-0.02	-0.98	0.98	mag	19.00	212.07	21.82	5.12	time	4
acc	-0.04	-0.01	-0.98	0.98	mag	19.00	212.07	21.82	5.12	time	5
acc	-0.04	-0.01	-0.99	0.99	mag	19.00	213.26	20.67	5.09	time	4
acc	-0.05	0.00	-0.95	0.95	mag	19.00	213.26	20.67	5.09	time	5
acc	-0.06	0.01	-0.93	0.93	mag	19.00	213.26	20.67	5.09	time	5
acc	-0.04	-0.00	-1.01	1.01	mag	19.00	213.26	20.67	5.09	time	4
acc	-0.04	-0.00	-1.01	1.01	mag	19.00	213.26	20.67	5.09	time	5
acc	-0.05	0.00	-0.97	0.97	mag	19.00	213.26	20.67	5.09	time	4
acc	-0.05	0.00	-0.97	0.97	mag	19.00	213.26	20.67	5.09	time	5
acc	-0.05	0.00	-0.95	0.96	mag	19.00	213.26	20.67	5.09	time	5
acc	-0.04	-0.00	-0.98	0.98	mag	19.00	213.26	20.67	5.09	time	5
acc	-0.04	-0.01	-0.98	0.98	mag	19.00	213.26	20.67	5.09	time	5
acc	-0.04	-0.01	-0.97	0.97	mag	19.00	213.26	20.67	5.09	time	4
acc	-0.04	-0.02	-0.97	0.97	mag	19.00	213.26	20.67	5.09	time	5
acc	-0.03	-0.02	-0.98	0.98	mag	19.00	213.26	20.67	5.09	time	4
acc	-0.02	-0.02	-0.94	0.94	mag	19.00	213.26	20.67	5.09	time	5
acc	-0.02	-0.03	-0.97	0.97	mag	19.00	213.26	20.67	5.09	time	4
acc	-0.01	-0.03	-1.00	1.00	mag	19.00	213.26	20.67	5.09	time	5
acc	-0.03	-0.03	-0.96	0.96	mag	19.00	213.26	20.67	5.09	time	4
acc	-0.02	-0.02	-0.95	0.96	mag	19.00	213.26	20.67	5.09	time	5
acc	-0.03	-0.01	-0.97	0.97	mag	19.00	213.26	20.67	5.09	time	4
acc	-0.03	-0.01	-0.99	0.99	mag	19.00	213.26	20.67	5.09	time	5
acc	-0.04	-0.00	-0.96	0.96	mag	19.00	213.26	20.67	5.09	time	5
acc	-0.05	0.01	-0.97	0.97	mag	19.00	213.26	20.67	5.09	time	5
acc	-0.05	0.01	-0.99	0.99	mag	19.00	213.26	20.67	5.09	time	5
acc	-0.06	0.00	-0.94	0.95	mag	16.62	214.45	22.97	4.43	time	4
acc	-0.05	0.00	-0.97	0.97	mag	16.62	214.45	22.97	4.43	time	5
acc	-0.04	0.00	-0.99	0.99	mag	16.62	214.45	22.97	4.43	time	5
acc	-0.04	-0.01	-0.96	0.96	mag	16.62	214.45	22.97	4.43	time	5
acc	-0.03	-0.01	-0.98	0.98	mag	16.62	214.45	22.97	4.43	time	5
acc	-0.03	-0.02	-0.96	0.96	mag	16.62	214.45	22.97	4.43	time	4
acc	-0.03	-0.02	-0.98	0.98	mag	16.62	214.45	22.97	4.43	time	5
acc	-0.02	-0.02	-0.99	0.99	mag	16.62	214.45	22.97	4.43	time	4
acc	-0.03	-0.03	-0.95	0.96	mag	16.62	214.45	22.97	4.43	time	5
acc	-0.02	-0.02	-0.96	0.96	mag	16.62	214.45	22.97	4.43	time	4
acc	-0.03	-0.02	-0.97	0.97	mag	16.62	214.45	22.97	4.43	time	5
acc	-0.03	-0.02	-0.96	0.96	mag	16.62	214.45	22.97	4.43	time	4
acc	0.14	-0.03	-1.10	1.11	mag	16.62	214.45	22.97	4.43	time	5
acc	-0.08	-0.00	-0.75	0.76	mag	16.62	214.45	22.97	4.43	time	5
acc	0.03	0.05	-1.35	1.35	mag	16.62	214.45	22.97	4.43	time	4
acc	0.01	0.02	-1.18	1.18	mag	16.62	214.45	22.97	4.43	time	5
acc	-0.11	0.03	-0.85	0.86	mag	16.62	214.45	22.97	4.43	time	4
acc	-0.05	0.05	-1.05	1.05	mag	16.62	214.45	22.97	4.43	time	5
acc	-0.04	-0.00	-1.04	1.05	mag	16.62	214.45	22.97	4.43	time	5
acc	-0.07	-0.02	-0.90	0.91	mag	16.62	214.45	22.97	4.43	time	4
acc	0.01	-0.04	-1.04	1.04	mag	16.62	214.45	22.97	4.43	time	5
acc	-0.00	-0.04	-0.96	0.96	mag	16.62	214.45	22.97	4.43	time	4
acc	-0.00	-0.05	-0.95	0.95	mag	16.62	214.45	22.97	4.43	time	5
acc	0.00	-0.05	-0.97	0.97	mag	19.00	214.45	20.67	5.06	time	4
acc	-0.00	-0.05	-0.95	0.95	mag	19.00	214.45	20.67	5.06	time	5
acc	-0.01	-0.03	-0.97	0.97	mag	19.00	214.45	20.67	5.06	time	5
acc	-0.01	-0.02	-0.99	0.99	mag	19.00	214.45	20.67	5.06	time	5
acc	-0.04	-0.01	-0.94	0.94	mag	19.00	214.45	20.67	5.06	time	5
acc	-0.04	-0.00	-0.98	0.98	mag	19.00	214.45	20.67	5.06	time	4
acc	-0.04	0.00	-0.99	0.99	mag	19.00	214.45	20.67	5.06	time	5
acc	-0.05	0.00	-0.96	0.96	mag	19.00	214.45	20.67	5.06	time	4
acc	-0.05	0.00	-1.00	1.00	mag	19.00	214.45	20.67	5.06	time	5
acc	-0.05	0.00	-1.00	1.00	mag	19.00	214.45	20.67	5.06	time	5
acc	-0.05	0.00	-0.96	0.96	mag	19.00	214.45	20.67	5.06	time	4
acc	-0.05	0.00	-0.97	0.98	mag	19.00	214.45	20.67	5.06	time	5
acc	-0.04	0.00	-0.97	0.97	mag	19.00	214.45	20.67	5.06	time	4
acc	-0.04	-0.01	-0.96	0.96	mag	19.00	214.45	20.67	5.06	time	5
acc	-0.03	-0.01	-0.99	0.99	mag	19.00	214.45	20.67	5.06	time	5
acc	-0.02	-0.02	-0.98	0.98	mag	19.00	214.45	20.67	5.06	time	5
acc	-0.04	-0.02	-0.96	0.96	mag	19.00	214.45	20.67	5.06	time	5
acc	-0.03	-0.02	-0.96	0.96	mag	19.00	214.45	20.67	5.06	time	5
acc	-0.04	-0.01	-0.94	0.94	mag	19.00	214.45	20.67	5.06	time	5
acc	-0.03	-0.01	-0.97	0.97	mag	19.00	214.45	20.67	5.06	time	4
acc	-0.03	-0.02	-0.98	0.98	mag	19.00	214.45	20.67	5.06	time	5
acc	-0.04	-0.01	-0.96	0.96	mag	19.00	214.45	20.67	5.06	time	4
acc	-0.03	-0.01	-0.97	0.97	mag	19.00	214.45	20.67	5.06	time	5
acc	-0.03	-0.00	-0.98	0.98	mag	21.37	213.26	22.97	5.72	time	4
acc	-0.04	-0.01	-0.94	0.94	mag	21.37	213.26	22.97	5.72	time	5
acc	-0.03	-0.01	-1.00	1.00	mag	21.37	213.26	22.97	5.72	time	4
acc	-0.04	-0.00	-0.99	0.99	mag	21.37	213.26	22.97	5.72	time	5
acc	-0.05	0.00	-0.96	0.96	mag	21.37	213.26	22.97	5.72	time	5
acc	-0.04	-0.01	-0.98	0.98	mag	21.37	213.26	22.97	5.72	time	5
acc	-0.04	-0.00	-0.98	0.98	mag	21.37	213.26	22.97	5.72	time	5
acc	-0.05	0.00	-0.96	0.96	mag	21.37	213.26	22.97	5.72	time	4
acc	-0.04	-0.00	-0.98	0.98	mag	21.37	213.26	22.97	5.72	time	5
acc	-0.05	-0.01	-0.98	0.98	mag	21.37	213.26	22.97	5.72	time	4
acc	-0.05	-0.00	-0.96	0.96	mag	21.37	213.26	22.97	5.72	time	5
acc	-0.04	-0.01	-0.97	0.97	mag	21.37	213.26	22.97	5.72	time	4
acc	-0.03	-0.01	-0.99	0.99	mag	21.37	213.26	22.97	5.72	time	5
acc	-0.04	-0.00	-0.95	0.95	mag	21.37	213.26	22.97	5.72	time	4
acc	-0.04	-0.01	-0.97	0.97	mag	21.37	213.26	22.97	5.72	time	5
acc	-0.03	-0.02	-0.98	0.98	mag	21.37	213.26	22.97	5.72	time	5
acc	-0.03	-0.02	-0.95	0.95	mag	21.37	213.26	22.97	5.72	time	5
acc	-0.03	-0.02	-0.97	0.97	mag	21.37	213.26	22.97	5.72	time	5
acc	-0.03	-0.02	-0.98	0.98	mag	21.37	213.26	22.97	5.72	time	5
acc	-0.04	-0.01	-0.96	0.96	mag	21.37	213.26	22.97	5.72	time	5
acc	-0.04	-0.00	-0.97	0.97	mag	21.37	213.26	22.97	5.72	time	5
acc	-0.04	-0.00	-0.98	0.98	mag	21.37	213.26	22.97	5.72	time	5
acc	-0.05	-0.00	-0.96	0.96	mag	21.37	213.26	22.97	5.72	time	4
acc	-0.06	0.00	-0.97	0.97	mag	21.37	213.26	22.97	5.72	time	5
acc	-0.04	-0.00	-1.00	1.00	mag	21.37	213.26	22.97	5.72	time	4
acc	-0.05	-0.00	-0.95	0.95	mag	21.37	213.26	22.97	5.72	time	5
acc	-0.04	-0.01	-0.98	0.98	mag	21.37	213.26	22.97	5.72	time	4
acc	-0.04	-0.01	-0.98	0.98	mag	21.37	213.26	22.97	5.72	time	5
acc	-0.05	-0.01	-0.96	0.96	mag	21.37	213.26	22.97	5.72	time	5
acc	-0.03	-0.01	-0.98	0.98	mag	21.37	213.26	22.97	5.72	time	5
acc	-0.03	-0.02	-0.97	0.97	mag	21.37	213.26	22.97	5.72	time	5
acc	-0.03	-0.01	-0.96	0.96	mag	21.37	213.26	22.97	5.72	time	5
acc	-0.03	-0.01	-0.98	0.98	mag	21.37	213.26	22.97	5.72	time	5
acc	-0.04	-0.01	-0.96	0.96	mag	21.37	213.26	22.97	5.72	time	5
acc	-0.04	-0.01	-0.97	0.97	mag	21.37	213.26	22.97	5.72	time	5
acc	-0.04	-0.00	-0.98	0.98	mag	21.37	213.26	22.97	5.72	time	4
acc	-0.04	-0.00	-0.96	0.97	mag	21.37	213.26	22.97	5.72	time	5
acc	-0.05	0.00	-0.98	0.98	mag	21.37	213.26	22.97	5.72	time	4
acc	-0.04	-0.00	-0.97	0.97	mag	21.37	213.26	22.97	5.72	time	5
acc	-0.05	-0.00	-0.97	0.97	mag	21.37	213.26	22.97	5.72	time	4
acc	-0.05	-0.00	-0.98	0.98	mag	21.37	213.26	22.97	5.72	time	5
acc	-0.04	-0.00	-0.97	0.98	mag	21.37	213.26	22.97	5.72	time	5
acc	-0.04	-0.00	-0.96	0.96	mag	21.37	213.26	22.97	5.72	time	5
